384808.50 279550.92 1.62
384898.50 279730.92 2.32
384898.50 279640.92 2.07
384898.50 278920.92 2.27
384898.50 278650.92 2.25
384988.50 279820.92 2.30
384988.50 279730.92 2.24
384988.50 279640.92 1.60
384988.50 278470.92 2.40
385078.50 279820.92 2.29
385078.50 279730.92 2.39
385078.50 279640.92 1.53
385168.50 279820.92 2.26
385168.50 279730.92 2.37
385258.50 279910.92 3.13
385258.50 279820.92 2.15
385258.50 279730.92 1.84
385348.50 279910.92 2.91
385348.50 279820.92 1.97
385348.50 279730.92 1.28
385348.50 279370.92 2.01
385348.50 279280.92 2.32
385348.50 279190.92 3.12
385438.50 279910.92 2.68
385438.50 279820.92 2.15
385438.50 279730.92 0.90
385438.50 279370.92 1.79
385438.50 279280.92 1.78
385438.50 279190.92 2.77
385438.50 279100.92 2.70
385438.50 279010.92 2.18
385528.50 279910.92 2.51
385528.50 279820.92 2.50
385528.50 279730.92 1.99
385528.50 279280.92 1.73
385528.50 279190.92 2.52
385528.50 279100.92 2.31
385528.50 279010.92 1.75
385528.50 278920.92 1.58
385528.50 278830.92 2.04
385618.50 280000.92 2.21
385618.50 279910.92 1.68
385618.50 279820.92 1.88
385618.50 279730.92 2.30
385618.50 279190.92 2.66
385618.50 279100.92 2.36
385618.50 279010.92 2.06
385618.50 278830.92 1.70
385618.50 278740.92 1.84
385618.50 278650.92 1.82
385618.50 278560.92 2.62
385618.50 278470.92 3.93
385708.50 280000.92 1.49
385708.50 279910.92 0.43
385708.50 279820.92 1.09
385708.50 279730.92 1.85
385708.50 279190.92 2.50
385708.50 279100.92 2.18
385708.50 279010.92 2.04
385708.50 278830.92 1.96
385708.50 278740.92 2.01
385708.50 278650.92 1.94
385708.50 278560.92 2.67
385708.50 278470.92 3.47
385798.50 280000.92 1.85
385798.50 279910.92 0.99
385798.50 279820.92 1.45
385798.50 279730.92 0.62
385798.50 279370.92 3.16
385798.50 279190.92 1.94
385798.50 279100.92 2.07
385798.50 279010.92 2.24
385798.50 278830.92 2.31
385798.50 278740.92 2.33
385798.50 278650.92 2.20
385798.50 278560.92 2.63
385798.50 278470.92 3.10
385798.50 278380.92 3.66
385798.50 278290.92 4.33
385888.50 280090.92 2.65
385888.50 280000.92 1.95
385888.50 279910.92 1.94
385888.50 279280.92 2.75
385888.50 279190.92 3.19
385888.50 279100.92 3.44
385888.50 279010.92 3.78
385888.50 278920.92 3.88
385888.50 278830.92 4.05
385888.50 278740.92 4.15
385888.50 278650.92 3.94
385888.50 278560.92 4.32
385888.50 278470.92 4.60
385888.50 278380.92 4.56
385888.50 278290.92 5.66
385888.50 278200.92 6.81
385978.50 280090.92 2.06
385978.50 279460.92 4.72
385978.50 279370.92 2.46
385978.50 279280.92 3.66
385978.50 279190.92 5.45
385978.50 279100.92 5.65
385978.50 279010.92 6.21
385978.50 278920.92 6.54
385978.50 278830.92 6.83
385978.50 278740.92 7.16
385978.50 278650.92 7.42
385978.50 278560.92 8.30
385978.50 278470.92 8.67
385978.50 278380.92 8.02
385978.50 278290.92 8.39
385978.50 278200.92 10.54
385978.50 278110.92 11.29
385978.50 278020.92 9.02
386068.50 279550.92 2.79
386068.50 279460.92 2.97
386068.50 279370.92 3.79
386068.50 279280.92 5.08
386068.50 279190.92 6.27
386068.50 279100.92 6.42
386068.50 279010.92 6.75
386068.50 278920.92 7.47
386068.50 278830.92 8.00
386068.50 278740.92 8.69
386068.50 278650.92 9.17
386068.50 278560.92 9.95
386068.50 278470.92 10.96
386068.50 278380.92 11.78
386068.50 278290.92 11.61
386068.50 278200.92 12.07
386068.50 278110.92 13.79
386068.50 278020.92 9.64
386068.50 277930.92 2.45
386158.50 279550.92 4.55
386158.50 279460.92 5.29
386158.50 279370.92 6.22
386158.50 279280.92 6.81
386158.50 279190.92 7.08
386158.50 279100.92 7.32
386158.50 279010.92 7.85
386158.50 278920.92 8.84
386158.50 278830.92 9.79
386158.50 278740.92 10.95
386158.50 278650.92 11.95
386158.50 278560.92 13.43
386158.50 278470.92 15.50
386158.50 278380.92 16.78
386158.50 278290.92 19.62
386158.50 278200.92 21.38
386158.50 278110.92 20.05
386158.50 278020.92 14.60
386158.50 277930.92 6.52
386248.50 279640.92 4.51
386248.50 279550.92 7.53
386248.50 279460.92 8.18
386248.50 279370.92 8.02
386248.50 279280.92 8.22
386248.50 279190.92 8.37
386248.50 279100.92 9.23
386248.50 279010.92 10.58
386248.50 278920.92 12.93
386248.50 278830.92 14.92
386248.50 278740.92 15.54
386248.50 278650.92 16.47
386248.50 278560.92 19.63
386248.50 278470.92 23.38
386248.50 278380.92 24.82
386248.50 278290.92 27.49
386248.50 278200.92 29.12
386248.50 278110.92 27.54
386248.50 278020.92 24.95
386248.50 277930.92 24.09
386338.50 279640.92 5.01
386338.50 279550.92 7.81
386338.50 279460.92 7.78
386338.50 279370.92 8.03
386338.50 279280.92 8.79
386338.50 279190.92 10.11
386338.50 279100.92 12.57
386338.50 279010.92 15.92
386338.50 278920.92 20.15
386338.50 278830.92 22.82
386338.50 278740.92 22.61
386338.50 278650.92 22.80
386338.50 278560.92 27.08
386338.50 278470.92 33.00
386338.50 278380.92 35.15
386338.50 278290.92 34.98
386338.50 278200.92 33.05
386338.50 278110.92 34.50
386338.50 278020.92 36.22
386338.50 277930.92 35.12
386338.50 277840.92 30.93
386428.50 279730.92 2.47
386428.50 279640.92 3.83
386428.50 279550.92 5.34
386428.50 279460.92 6.03
386428.50 279370.92 7.17
386428.50 279280.92 9.24
386428.50 279190.92 12.42
386428.50 279100.92 17.09
386428.50 279010.92 22.83
386428.50 278920.92 27.48
386428.50 278830.92 30.11
386428.50 278740.92 31.25
386428.50 278650.92 31.93
386428.50 278560.92 36.27
386428.50 278470.92 43.92
386428.50 278380.92 47.54
386428.50 278290.92 47.13
386428.50 278200.92 43.80
386428.50 278110.92 45.64
386428.50 278020.92 48.25
386428.50 277930.92 46.96
386428.50 277840.92 40.69
386518.50 279730.92 1.81
386518.50 279640.92 2.94
386518.50 279550.92 4.53
386518.50 279460.92 6.54
386518.50 279370.92 8.41
386518.50 279280.92 11.39
386518.50 279190.92 17.29
386518.50 279100.92 23.83
386518.50 279010.92 29.37
386518.50 278920.92 33.06
386518.50 278830.92 37.32
386518.50 278740.92 42.17
386518.50 278650.92 42.75
386518.50 278560.92 47.01
386518.50 278470.92 54.69
386518.50 278380.92 60.29
386518.50 278290.92 64.71
386518.50 278200.92 66.86
386518.50 278110.92 66.83
386518.50 278020.92 65.16
386518.50 277930.92 61.21
386518.50 277840.92 55.58
386608.50 279730.92 1.05
386608.50 279640.92 2.72
386608.50 279550.92 4.42
386608.50 279460.92 7.56
386608.50 279370.92 12.43
386608.50 279280.92 19.89
386608.50 279190.92 31.88
386608.50 279100.92 40.41
386608.50 279010.92 45.03
386608.50 278920.92 47.17
386608.50 278830.92 53.08
386608.50 278740.92 60.90
386608.50 278650.92 62.53
386608.50 278560.92 67.00
386608.50 278470.92 73.43
386608.50 278380.92 79.25
386608.50 278290.92 84.32
386608.50 278200.92 86.40
386608.50 278110.92 87.58
386608.50 278020.92 89.01
386608.50 277930.92 84.93
386608.50 277840.92 73.36
386608.50 277750.92 58.30
386608.50 277660.92 47.36
386698.50 279640.92 1.86
386698.50 279550.92 3.47
386698.50 279460.92 9.41
386698.50 279370.92 19.54
386698.50 279280.92 33.17
386698.50 279190.92 53.11
386698.50 279100.92 62.62
386698.50 279010.92 69.49
386698.50 278920.92 75.44
386698.50 278830.92 81.83
386698.50 278740.92 87.31
386698.50 278650.92 92.87
386698.50 278560.92 96.72
386698.50 278470.92 102.05
386698.50 278380.92 108.27
386698.50 278290.92 111.48
386698.50 278200.92 113.62
386698.50 278110.92 115.81
386698.50 278020.92 118.97
386698.50 277930.92 117.80
386698.50 277840.92 113.35
386698.50 277750.92 108.70
386698.50 277660.92 94.04
386698.50 277570.92 72.70
386698.50 277480.92 55.49
386788.50 279820.92 2.13
386788.50 279730.92 2.21
386788.50 279550.92 2.98
386788.50 279460.92 11.37
386788.50 279370.92 27.09
386788.50 279280.92 41.99
386788.50 279190.92 63.55
386788.50 279100.92 75.23
386788.50 279010.92 83.00
386788.50 278920.92 92.34
386788.50 278830.92 101.20
386788.50 278740.92 105.70
386788.50 278650.92 112.70
386788.50 278560.92 120.79
386788.50 278470.92 129.90
386788.50 278380.92 137.38
386788.50 278290.92 137.60
386788.50 278200.92 138.45
386788.50 278110.92 139.62
386788.50 278020.92 141.24
386788.50 277930.92 140.89
386788.50 277840.92 150.69
386788.50 277750.92 152.60
386788.50 277660.92 131.59
386788.50 277570.92 104.57
386788.50 277480.92 77.77
386788.50 277390.92 55.57
386878.50 280090.92 1.77
386878.50 279910.92 1.05
386878.50 279820.92 2.04
386878.50 279730.92 2.25
386878.50 279550.92 3.71
386878.50 279460.92 14.53
386878.50 279370.92 35.50
386878.50 279280.92 54.57
386878.50 279190.92 76.56
386878.50 279100.92 90.53
386878.50 279010.92 103.21
386878.50 278920.92 119.01
386878.50 278830.92 128.85
386878.50 278740.92 131.42
386878.50 278650.92 134.71
386878.50 278560.92 146.95
386878.50 278470.92 165.94
386878.50 278380.92 170.58
386878.50 278290.92 168.45
386878.50 278200.92 165.23
386878.50 278110.92 167.32
386878.50 278020.92 173.03
386878.50 277930.92 169.86
386878.50 277840.92 191.58
386878.50 277750.92 203.40
386878.50 277660.92 178.20
386878.50 277570.92 148.82
386878.50 277480.92 112.44
386878.50 277390.92 80.84
386968.50 279910.92 0.78
386968.50 279820.92 1.33
386968.50 279730.92 1.77
386968.50 279640.92 2.52
386968.50 279550.92 6.43
386968.50 279460.92 20.24
386968.50 279370.92 41.49
386968.50 279280.92 64.19
386968.50 279190.92 92.13
386968.50 279100.92 111.03
386968.50 279010.92 130.89
386968.50 278920.92 155.39
386968.50 278830.92 167.99
386968.50 278740.92 164.10
386968.50 278650.92 160.75
386968.50 278560.92 174.38
386968.50 278470.92 203.05
386968.50 278380.92 207.10
386968.50 278290.92 198.28
386968.50 278200.92 190.18
386968.50 278110.92 196.74
386968.50 278020.92 207.66
386968.50 277930.92 207.01
386968.50 277840.92 233.73
386968.50 277750.92 253.94
386968.50 277660.92 227.87
386968.50 277570.92 189.06
386968.50 277480.92 147.98
386968.50 277390.92 100.21
386968.50 277300.92 61.30
387058.50 279820.92 0.81
387058.50 279730.92 1.17
387058.50 279640.92 2.76
387058.50 279550.92 10.24
387058.50 279460.92 26.36
387058.50 279370.92 44.35
387058.50 279280.92 69.47
387058.50 279190.92 101.29
387058.50 279100.92 128.32
387058.50 279010.92 156.86
387058.50 278920.92 187.33
387058.50 278830.92 207.91
387058.50 278740.92 199.41
387058.50 278650.92 193.33
387058.50 278560.92 203.58
387058.50 278470.92 231.18
387058.50 278380.92 242.30
387058.50 278290.92 229.74
387058.50 278200.92 215.39
387058.50 278110.92 224.17
387058.50 278020.92 237.31
387058.50 277930.92 246.23
387058.50 277840.92 272.87
387058.50 277750.92 286.72
387058.50 277660.92 252.76
387058.50 277570.92 201.31
387058.50 277480.92 155.80
387058.50 277390.92 115.28
387058.50 277300.92 77.93
387058.50 277210.92 54.15
387148.50 280000.92 1.62
387148.50 279820.92 2.12
387148.50 279730.92 2.45
387148.50 279640.92 3.62
387148.50 279550.92 12.11
387148.50 279460.92 31.93
387148.50 279370.92 52.48
387148.50 279280.92 78.23
387148.50 279190.92 108.45
387148.50 279100.92 134.69
387148.50 279010.92 169.93
387148.50 278920.92 206.98
387148.50 278830.92 232.59
387148.50 278740.92 235.74
387148.50 278650.92 231.25
387148.50 278560.92 230.14
387148.50 278470.92 247.53
387148.50 278380.92 268.01
387148.50 278290.92 263.06
387148.50 278200.92 241.63
387148.50 278110.92 250.05
387148.50 278020.92 266.20
387148.50 277930.92 275.03
387148.50 277840.92 300.29
387148.50 277750.92 296.30
387148.50 277660.92 246.53
387148.50 277570.92 197.85
387148.50 277480.92 153.81
387148.50 277390.92 123.91
387148.50 277300.92 106.93
387148.50 277210.92 75.73
387148.50 277120.92 34.61
387238.50 280000.92 0.58
387238.50 279910.92 1.74
387238.50 279820.92 2.40
387238.50 279730.92 3.18
387238.50 279640.92 5.00
387238.50 279550.92 16.23
387238.50 279460.92 41.49
387238.50 279370.92 61.59
387238.50 279280.92 84.80
387238.50 279190.92 117.87
387238.50 279100.92 145.12
387238.50 279010.92 173.82
387238.50 278920.92 205.44
387238.50 278830.92 232.80
387238.50 278740.92 253.23
387238.50 278650.92 262.42
387238.50 278560.92 263.39
387238.50 278470.92 273.20
387238.50 278380.92 293.17
387238.50 278290.92 293.98
387238.50 278200.92 273.70
387238.50 278110.92 281.28
387238.50 278020.92 298.99
387238.50 277930.92 309.21
387238.50 277840.92 318.01
387238.50 277750.92 295.10
387238.50 277660.92 249.98
387238.50 277570.92 209.89
387238.50 277480.92 170.82
387238.50 277390.92 142.89
387238.50 277300.92 124.58
387238.50 277210.92 98.01
387238.50 277120.92 63.32
387328.50 280090.92 0.95
387328.50 280000.92 0.88
387328.50 279910.92 1.86
387328.50 279820.92 3.89
387328.50 279730.92 8.14
387328.50 279640.92 15.78
387328.50 279550.92 26.70
387328.50 279460.92 47.48
387328.50 279370.92 65.94
387328.50 279280.92 87.79
387328.50 279190.92 117.65
387328.50 279100.92 140.86
387328.50 279010.92 164.54
387328.50 278920.92 189.23
387328.50 278830.92 214.64
387328.50 278740.92 239.99
387328.50 278650.92 259.20
387328.50 278560.92 277.67
387328.50 278470.92 296.92
387328.50 278380.92 316.82
387328.50 278290.92 331.42
387328.50 278200.92 328.15
387328.50 278110.92 331.47
387328.50 278020.92 328.60
387328.50 277930.92 324.03
387328.50 277840.92 305.03
387328.50 277750.92 260.24
387328.50 277660.92 225.14
387328.50 277570.92 193.90
387328.50 277480.92 160.96
387328.50 277390.92 135.79
387328.50 277300.92 117.61
387328.50 277210.92 98.03
387328.50 277120.92 61.72
387328.50 277030.92 19.74
387418.50 280090.92 2.21
387418.50 280000.92 3.20
387418.50 279910.92 7.02
387418.50 279820.92 15.53
387418.50 279730.92 28.79
387418.50 279640.92 40.72
387418.50 279550.92 44.86
387418.50 279460.92 49.17
387418.50 279370.92 60.47
387418.50 279280.92 83.46
387418.50 279190.92 113.09
387418.50 279100.92 132.20
387418.50 279010.92 150.48
387418.50 278920.92 170.55
387418.50 278830.92 191.42
387418.50 278740.92 209.31
387418.50 278650.92 225.81
387418.50 278560.92 251.31
387418.50 278470.92 285.47
387418.50 278380.92 314.01
387418.50 278290.92 339.39
387418.50 278200.92 358.45
387418.50 278110.92 366.02
387418.50 278020.92 341.31
387418.50 277930.92 304.48
387418.50 277840.92 265.57
387418.50 277750.92 221.05
387418.50 277660.92 194.89
387418.50 277570.92 172.66
387418.50 277480.92 151.46
387418.50 277390.92 134.64
387418.50 277300.92 118.37
387418.50 277210.92 106.30
387418.50 277120.92 80.20
387418.50 277030.92 45.79
387508.50 280180.92 1.96
387508.50 280090.92 2.54
387508.50 280000.92 4.67
387508.50 279910.92 14.88
387508.50 279820.92 36.08
387508.50 279730.92 55.72
387508.50 279640.92 62.57
387508.50 279550.92 63.22
387508.50 279460.92 64.36
387508.50 279370.92 71.47
387508.50 279280.92 85.90
387508.50 279190.92 110.93
387508.50 279100.92 125.82
387508.50 279010.92 142.57
387508.50 278920.92 159.63
387508.50 278830.92 172.40
387508.50 278740.92 186.35
387508.50 278650.92 207.13
387508.50 278560.92 230.52
387508.50 278470.92 257.01
387508.50 278380.92 277.67
387508.50 278290.92 293.38
387508.50 278200.92 320.72
387508.50 278110.92 349.25
387508.50 278020.92 348.95
387508.50 277930.92 322.57
387508.50 277840.92 291.99
387508.50 277750.92 248.47
387508.50 277660.92 221.42
387508.50 277570.92 199.19
387508.50 277480.92 177.98
387508.50 277390.92 163.69
387508.50 277300.92 151.84
387508.50 277210.92 130.93
387508.50 277120.92 93.95
387508.50 277030.92 49.62
387508.50 276940.92 27.34
387598.50 280090.92 2.66
387598.50 280000.92 4.73
387598.50 279910.92 16.44
387598.50 279820.92 39.11
387598.50 279730.92 59.64
387598.50 279640.92 72.27
387598.50 279550.92 70.56
387598.50 279460.92 69.20
387598.50 279370.92 82.67
387598.50 279280.92 91.82
387598.50 279190.92 106.05
387598.50 279100.92 114.53
387598.50 279010.92 129.71
387598.50 278920.92 143.60
387598.50 278830.92 155.47
387598.50 278740.92 172.81
387598.50 278650.92 189.27
387598.50 278560.92 207.32
387598.50 278470.92 229.26
387598.50 278380.92 245.03
387598.50 278290.92 265.95
387598.50 278200.92 304.33
387598.50 278110.92 343.37
387598.50 278020.92 359.46
387598.50 277930.92 357.21
387598.50 277840.92 335.47
387598.50 277750.92 285.91
387598.50 277660.92 257.24
387598.50 277570.92 231.66
387598.50 277480.92 218.65
387598.50 277390.92 210.91
387598.50 277300.92 195.17
387598.50 277210.92 158.13
387598.50 277120.92 111.65
387598.50 277030.92 68.27
387598.50 276940.92 51.19
387688.50 280180.92 2.17
387688.50 280090.92 2.58
387688.50 280000.92 4.70
387688.50 279910.92 12.09
387688.50 279820.92 24.82
387688.50 279730.92 38.98
387688.50 279640.92 49.80
387688.50 279550.92 52.77
387688.50 279460.92 56.98
387688.50 279370.92 68.86
387688.50 279280.92 77.04
387688.50 279190.92 95.47
387688.50 279100.92 104.76
387688.50 279010.92 118.96
387688.50 278920.92 134.94
387688.50 278830.92 148.28
387688.50 278740.92 162.37
387688.50 278650.92 174.55
387688.50 278560.92 191.57
387688.50 278470.92 214.78
387688.50 278380.92 234.47
387688.50 278290.92 259.42
387688.50 278200.92 288.64
387688.50 278110.92 315.71
387688.50 278020.92 336.14
387688.50 277930.92 358.27
387688.50 277840.92 356.99
387688.50 277750.92 326.81
387688.50 277660.92 298.46
387688.50 277570.92 273.63
387688.50 277480.92 266.09
387688.50 277390.92 260.27
387688.50 277300.92 228.63
387688.50 277210.92 177.77
387688.50 277120.92 125.50
387688.50 277030.92 76.42
387688.50 276940.92 53.52
387688.50 276850.92 32.53
387688.50 276760.92 13.11
387778.50 280270.92 1.06
387778.50 280180.92 2.39
387778.50 280090.92 2.55
387778.50 280000.92 3.15
387778.50 279910.92 5.84
387778.50 279820.92 10.67
387778.50 279730.92 19.33
387778.50 279640.92 29.93
387778.50 279550.92 37.36
387778.50 279460.92 44.82
387778.50 279370.92 52.01
387778.50 279280.92 63.99
387778.50 279190.92 86.11
387778.50 279100.92 101.86
387778.50 279010.92 115.91
387778.50 278920.92 131.52
387778.50 278830.92 145.47
387778.50 278740.92 156.56
387778.50 278650.92 165.04
387778.50 278560.92 181.91
387778.50 278470.92 208.47
387778.50 278380.92 229.36
387778.50 278290.92 252.51
387778.50 278200.92 264.83
387778.50 278110.92 273.49
387778.50 278020.92 292.99
387778.50 277930.92 314.38
387778.50 277840.92 324.43
387778.50 277750.92 332.64
387778.50 277660.92 329.49
387778.50 277570.92 323.83
387778.50 277480.92 309.22
387778.50 277390.92 281.27
387778.50 277300.92 232.23
387778.50 277210.92 186.24
387778.50 277120.92 138.52
387778.50 277030.92 86.04
387778.50 276940.92 52.58
387778.50 276850.92 24.39
387778.50 276760.92 4.31
387868.50 280180.92 2.33
387868.50 280090.92 2.45
387868.50 280000.92 2.21
387868.50 279910.92 3.33
387868.50 279820.92 7.54
387868.50 279730.92 15.42
387868.50 279640.92 24.37
387868.50 279550.92 32.43
387868.50 279460.92 38.22
387868.50 279370.92 44.21
387868.50 279280.92 59.91
387868.50 279190.92 80.42
387868.50 279100.92 97.00
387868.50 279010.92 113.91
387868.50 278920.92 129.99
387868.50 278830.92 141.76
387868.50 278740.92 148.92
387868.50 278650.92 158.55
387868.50 278560.92 177.49
387868.50 278470.92 200.04
387868.50 278380.92 215.48
387868.50 278290.92 230.15
387868.50 278200.92 235.79
387868.50 278110.92 239.30
387868.50 278020.92 255.25
387868.50 277930.92 268.30
387868.50 277840.92 274.23
387868.50 277750.92 293.63
387868.50 277660.92 321.42
387868.50 277570.92 331.54
387868.50 277480.92 306.83
387868.50 277390.92 266.50
387868.50 277300.92 221.27
387868.50 277210.92 181.07
387868.50 277120.92 135.55
387868.50 277030.92 83.70
387868.50 276940.92 57.52
387868.50 276850.92 31.90
387868.50 276760.92 4.31
387958.50 280270.92 0.10
387958.50 280000.92 2.08
387958.50 279910.92 2.38
387958.50 279820.92 5.04
387958.50 279730.92 11.91
387958.50 279640.92 20.18
387958.50 279550.92 27.42
387958.50 279460.92 31.00
387958.50 279370.92 38.18
387958.50 279280.92 58.83
387958.50 279190.92 78.93
387958.50 279100.92 92.89
387958.50 279010.92 105.96
387958.50 278920.92 116.54
387958.50 278830.92 127.20
387958.50 278740.92 142.60
387958.50 278650.92 159.51
387958.50 278560.92 172.08
387958.50 278470.92 185.63
387958.50 278380.92 200.14
387958.50 278290.92 211.23
387958.50 278200.92 212.44
387958.50 278110.92 213.56
387958.50 278020.92 228.33
387958.50 277930.92 233.97
387958.50 277840.92 235.23
387958.50 277750.92 252.08
387958.50 277660.92 271.31
387958.50 277570.92 279.31
387958.50 277480.92 259.52
387958.50 277390.92 230.35
387958.50 277300.92 198.93
387958.50 277210.92 166.66
387958.50 277120.92 124.13
387958.50 277030.92 77.70
387958.50 276940.92 60.75
387958.50 276850.92 40.76
388048.50 280270.92 0.10
388048.50 279910.92 2.89
388048.50 279820.92 3.85
388048.50 279730.92 7.68
388048.50 279640.92 14.32
388048.50 279550.92 21.15
388048.50 279460.92 25.35
388048.50 279370.92 31.61
388048.50 279280.92 49.52
388048.50 279190.92 71.41
388048.50 279100.92 82.20
388048.50 279010.92 89.11
388048.50 278920.92 97.21
388048.50 278830.92 111.74
388048.50 278740.92 130.60
388048.50 278650.92 144.54
388048.50 278560.92 154.79
388048.50 278470.92 168.05
388048.50 278380.92 179.94
388048.50 278290.92 187.28
388048.50 278200.92 180.40
388048.50 278110.92 182.86
388048.50 278020.92 198.24
388048.50 277930.92 200.92
388048.50 277840.92 202.43
388048.50 277750.92 213.12
388048.50 277660.92 216.71
388048.50 277570.92 214.00
388048.50 277480.92 201.51
388048.50 277390.92 183.02
388048.50 277300.92 164.26
388048.50 277210.92 143.83
388048.50 277120.92 111.53
388048.50 277030.92 76.64
388048.50 276940.92 56.65
388048.50 276850.92 27.41
388048.50 276760.92 6.27
388138.50 280630.92 0.15
388138.50 280540.92 0.35
388138.50 279910.92 2.81
388138.50 279820.92 2.72
388138.50 279730.92 4.58
388138.50 279640.92 10.17
388138.50 279550.92 17.36
388138.50 279460.92 24.81
388138.50 279370.92 32.47
388138.50 279280.92 44.55
388138.50 279190.92 58.10
388138.50 279100.92 65.67
388138.50 279010.92 71.34
388138.50 278920.92 77.22
388138.50 278830.92 90.01
388138.50 278740.92 101.44
388138.50 278650.92 116.66
388138.50 278560.92 132.70
388138.50 278470.92 147.69
388138.50 278380.92 157.83
388138.50 278290.92 162.16
388138.50 278200.92 152.01
388138.50 278110.92 150.10
388138.50 278020.92 165.54
388138.50 277930.92 168.48
388138.50 277840.92 170.47
388138.50 277750.92 174.75
388138.50 277660.92 169.06
388138.50 277570.92 157.79
388138.50 277480.92 144.74
388138.50 277390.92 132.44
388138.50 277300.92 116.24
388138.50 277210.92 105.98
388138.50 277120.92 88.45
388138.50 277030.92 61.84
388138.50 276940.92 42.95
388138.50 276850.92 21.65
388138.50 276760.92 8.01
388228.50 279910.92 2.76
388228.50 279820.92 2.54
388228.50 279730.92 3.77
388228.50 279640.92 8.41
388228.50 279550.92 14.91
388228.50 279460.92 21.15
388228.50 279370.92 28.08
388228.50 279280.92 39.24
388228.50 279190.92 50.66
388228.50 279100.92 52.81
388228.50 279010.92 61.32
388228.50 278920.92 74.96
388228.50 278830.92 88.97
388228.50 278740.92 101.76
388228.50 278650.92 111.98
388228.50 278560.92 122.96
388228.50 278470.92 135.83
388228.50 278380.92 145.66
388228.50 278290.92 146.63
388228.50 278200.92 141.92
388228.50 278110.92 138.94
388228.50 278020.92 149.40
388228.50 277930.92 148.98
388228.50 277840.92 148.87
388228.50 277750.92 151.96
388228.50 277660.92 150.95
388228.50 277570.92 143.40
388228.50 277480.92 124.25
388228.50 277390.92 112.56
388228.50 277300.92 101.89
388228.50 277210.92 93.21
388228.50 277120.92 75.73
388228.50 277030.92 50.30
388228.50 276940.92 35.01
388228.50 276850.92 21.32
388228.50 276760.92 13.28
388318.50 279820.92 2.73
388318.50 279730.92 3.13
388318.50 279640.92 4.74
388318.50 279550.92 9.00
388318.50 279460.92 15.28
388318.50 279370.92 22.60
388318.50 279280.92 32.38
388318.50 279190.92 44.39
388318.50 279100.92 50.19
388318.50 279010.92 63.07
388318.50 278920.92 78.72
388318.50 278830.92 95.39
388318.50 278740.92 108.63
388318.50 278650.92 112.91
388318.50 278560.92 117.16
388318.50 278470.92 124.66
388318.50 278380.92 128.49
388318.50 278290.92 127.03
388318.50 278200.92 127.30
388318.50 278110.92 128.32
388318.50 278020.92 129.92
388318.50 277930.92 130.43
388318.50 277840.92 130.80
388318.50 277750.92 130.68
388318.50 277660.92 131.46
388318.50 277570.92 128.63
388318.50 277480.92 116.31
388318.50 277390.92 102.34
388318.50 277300.92 90.87
388318.50 277210.92 81.54
388318.50 277120.92 68.32
388318.50 277030.92 48.28
388318.50 276940.92 33.10
388318.50 276850.92 20.63
388318.50 276760.92 12.46
388408.50 279820.92 2.93
388408.50 279730.92 3.59
388408.50 279640.92 3.88
388408.50 279550.92 5.32
388408.50 279460.92 10.62
388408.50 279370.92 20.58
388408.50 279280.92 31.61
388408.50 279190.92 41.37
388408.50 279100.92 49.82
388408.50 279010.92 63.51
388408.50 278920.92 79.28
388408.50 278830.92 96.60
388408.50 278740.92 111.81
388408.50 278650.92 119.18
388408.50 278560.92 115.45
388408.50 278470.92 111.90
388408.50 278380.92 108.82
388408.50 278290.92 106.92
388408.50 278200.92 107.14
388408.50 278110.92 109.69
388408.50 278020.92 112.19
388408.50 277930.92 115.02
388408.50 277840.92 114.38
388408.50 277750.92 111.44
388408.50 277660.92 113.67
388408.50 277570.92 113.55
388408.50 277480.92 104.88
388408.50 277390.92 88.04
388408.50 277300.92 78.62
388408.50 277210.92 69.76
388408.50 277120.92 55.90
388408.50 277030.92 42.66
388408.50 276940.92 29.28
388408.50 276850.92 19.54
388408.50 276760.92 11.09
388408.50 276670.92 8.46
388408.50 276130.92 38.91
388408.50 276040.92 29.40
388498.50 279730.92 3.52
388498.50 279640.92 3.70
388498.50 279550.92 4.02
388498.50 279460.92 9.05
388498.50 279370.92 27.89
388498.50 279280.92 48.88
388498.50 279190.92 51.70
388498.50 279100.92 54.32
388498.50 279010.92 62.35
388498.50 278920.92 78.56
388498.50 278830.92 95.01
388498.50 278740.92 106.67
388498.50 278650.92 120.90
388498.50 278560.92 114.59
388498.50 278470.92 104.23
388498.50 278380.92 97.71
388498.50 278290.92 93.12
388498.50 278200.92 91.90
388498.50 278110.92 93.52
388498.50 278020.92 99.67
388498.50 277930.92 104.60
388498.50 277840.92 99.25
388498.50 277750.92 93.81
388498.50 277660.92 96.45
388498.50 277570.92 100.13
388498.50 277480.92 95.73
388498.50 277390.92 81.41
388498.50 277300.92 72.76
388498.50 277210.92 64.74
388498.50 277120.92 50.78
388498.50 277030.92 32.91
388498.50 276940.92 24.41
388498.50 276850.92 17.04
388498.50 276760.92 12.05
388498.50 276670.92 15.56
388498.50 276580.92 24.58
388498.50 276400.92 23.25
388498.50 276220.92 60.08
388498.50 276130.92 56.56
388498.50 276040.92 34.67
388588.50 279730.92 3.63
388588.50 279640.92 3.98
388588.50 279550.92 4.12
388588.50 279460.92 4.88
388588.50 279370.92 23.28
388588.50 279280.92 54.15
388588.50 279190.92 53.64
388588.50 279100.92 50.65
388588.50 279010.92 55.26
388588.50 278920.92 70.31
388588.50 278830.92 88.32
388588.50 278740.92 107.05
388588.50 278650.92 117.45
388588.50 278560.92 106.64
388588.50 278470.92 94.10
388588.50 278380.92 88.49
388588.50 278290.92 84.33
388588.50 278200.92 81.58
388588.50 278110.92 83.08
388588.50 278020.92 92.18
388588.50 277930.92 98.58
388588.50 277840.92 86.64
388588.50 277750.92 78.78
388588.50 277660.92 80.70
388588.50 277570.92 84.57
388588.50 277480.92 87.06
388588.50 277390.92 82.70
388588.50 277300.92 73.51
388588.50 277210.92 64.59
388588.50 277120.92 48.68
388588.50 277030.92 28.85
388588.50 276940.92 21.10
388588.50 276850.92 14.23
388588.50 276760.92 15.68
388588.50 276670.92 30.66
388588.50 276580.92 44.24
388588.50 276490.92 37.64
388588.50 276400.92 32.84
388588.50 276310.92 52.99
388588.50 276220.92 74.47
388588.50 276130.92 63.92
388588.50 276040.92 27.53
388678.50 279640.92 3.94
388678.50 279550.92 5.39
388678.50 279460.92 7.72
388678.50 279370.92 12.90
388678.50 279280.92 25.53
388678.50 279190.92 27.91
388678.50 279100.92 25.39
388678.50 279010.92 33.64
388678.50 278920.92 49.51
388678.50 278830.92 72.57
388678.50 278740.92 103.90
388678.50 278650.92 110.91
388678.50 278560.92 96.54
388678.50 278470.92 83.60
388678.50 278380.92 78.49
388678.50 278290.92 76.01
388678.50 278200.92 72.37
388678.50 278110.92 73.41
388678.50 278020.92 81.70
388678.50 277930.92 84.23
388678.50 277840.92 74.42
388678.50 277750.92 67.20
388678.50 277660.92 67.68
388678.50 277570.92 71.13
388678.50 277480.92 77.33
388678.50 277390.92 82.04
388678.50 277300.92 74.00
388678.50 277210.92 62.06
388678.50 277120.92 45.61
388678.50 277030.92 25.21
388678.50 276940.92 19.81
388678.50 276850.92 18.90
388678.50 276760.92 25.73
388678.50 276670.92 46.72
388678.50 276580.92 62.28
388678.50 276490.92 47.52
388678.50 276400.92 45.17
388678.50 276310.92 67.36
388678.50 276220.92 86.31
388678.50 276130.92 90.02
388678.50 276040.92 71.45
388768.50 279550.92 5.34
388768.50 279460.92 9.82
388768.50 279370.92 7.67
388768.50 279280.92 5.79
388768.50 279190.92 5.17
388768.50 279100.92 6.88
388768.50 279010.92 11.81
388768.50 278920.92 24.34
388768.50 278830.92 51.29
388768.50 278740.92 82.19
388768.50 278650.92 89.75
388768.50 278560.92 77.12
388768.50 278470.92 63.72
388768.50 278380.92 61.72
388768.50 278290.92 64.12
388768.50 278200.92 60.19
388768.50 278110.92 60.44
388768.50 278020.92 61.52
388768.50 277930.92 57.91
388768.50 277840.92 55.45
388768.50 277750.92 52.59
388768.50 277660.92 52.47
388768.50 277570.92 58.91
388768.50 277480.92 67.60
388768.50 277390.92 75.27
388768.50 277300.92 71.32
388768.50 277210.92 59.38
388768.50 277120.92 43.16
388768.50 277030.92 25.98
388768.50 276940.92 24.83
388768.50 276850.92 33.92
388768.50 276760.92 45.19
388768.50 276670.92 64.05
388768.50 276580.92 80.05
388768.50 276490.92 72.78
388768.50 276400.92 72.42
388768.50 276310.92 87.03
388768.50 276220.92 106.76
388768.50 276130.92 119.58
388768.50 276040.92 107.42
388768.50 275950.92 85.04
388768.50 275860.92 65.23
388858.50 279460.92 4.99
388858.50 279370.92 4.51
388858.50 279280.92 3.64
388858.50 279190.92 4.39
388858.50 279100.92 5.57
388858.50 279010.92 5.93
388858.50 278920.92 6.95
388858.50 278830.92 17.99
388858.50 278740.92 40.80
388858.50 278650.92 53.27
388858.50 278560.92 50.05
388858.50 278470.92 40.95
388858.50 278380.92 47.10
388858.50 278290.92 53.04
388858.50 278200.92 48.59
388858.50 278110.92 42.67
388858.50 278020.92 38.20
388858.50 277930.92 37.52
388858.50 277840.92 37.99
388858.50 277750.92 33.31
388858.50 277660.92 29.98
388858.50 277570.92 34.95
388858.50 277480.92 47.93
388858.50 277390.92 60.95
388858.50 277300.92 64.83
388858.50 277210.92 54.42
388858.50 277120.92 39.25
388858.50 277030.92 30.62
388858.50 276940.92 36.41
388858.50 276850.92 55.35
388858.50 276760.92 73.84
388858.50 276670.92 89.02
388858.50 276580.92 107.32
388858.50 276490.92 114.66
388858.50 276400.92 106.95
388858.50 276310.92 110.76
388858.50 276220.92 135.93
388858.50 276130.92 147.97
388858.50 276040.92 146.04
388858.50 275950.92 133.17
388858.50 275860.92 103.99
388858.50 275770.92 89.84
388948.50 279280.92 3.72
388948.50 279190.92 4.25
388948.50 279100.92 4.95
388948.50 279010.92 5.37
388948.50 278920.92 5.77
388948.50 278830.92 6.99
388948.50 278740.92 11.83
388948.50 278650.92 26.46
388948.50 278560.92 37.22
388948.50 278470.92 36.48
388948.50 278380.92 48.93
388948.50 278290.92 58.68
388948.50 278200.92 52.03
388948.50 278110.92 38.97
388948.50 278020.92 30.64
388948.50 277930.92 26.08
388948.50 277840.92 25.79
388948.50 277750.92 21.12
388948.50 277660.92 19.21
388948.50 277570.92 21.15
388948.50 277480.92 28.88
388948.50 277390.92 46.57
388948.50 277300.92 59.01
388948.50 277210.92 55.82
388948.50 277120.92 46.17
388948.50 277030.92 40.66
388948.50 276940.92 46.41
388948.50 276850.92 61.51
388948.50 276760.92 84.27
388948.50 276670.92 101.87
388948.50 276580.92 121.96
388948.50 276490.92 135.27
388948.50 276400.92 131.94
388948.50 276310.92 132.13
388948.50 276220.92 148.66
388948.50 276130.92 143.71
388948.50 276040.92 126.73
388948.50 275950.92 113.62
388948.50 275860.92 90.51
388948.50 275770.92 77.38
388948.50 275680.92 69.55
389038.50 279190.92 3.39
389038.50 279100.92 4.60
389038.50 279010.92 5.39
389038.50 278920.92 5.68
389038.50 278830.92 5.97
389038.50 278740.92 6.33
389038.50 278650.92 13.55
389038.50 278560.92 25.60
389038.50 278470.92 33.69
389038.50 278380.92 51.08
389038.50 278290.92 63.97
389038.50 278200.92 61.60
389038.50 278110.92 45.63
389038.50 278020.92 28.54
389038.50 277930.92 17.04
389038.50 277840.92 16.26
389038.50 277750.92 12.89
389038.50 277660.92 11.54
389038.50 277570.92 13.25
389038.50 277480.92 18.30
389038.50 277390.92 32.39
389038.50 277300.92 46.86
389038.50 277210.92 50.80
389038.50 277120.92 48.42
389038.50 277030.92 52.08
389038.50 276940.92 61.28
389038.50 276850.92 65.40
389038.50 276760.92 77.97
389038.50 276670.92 99.81
389038.50 276580.92 122.28
389038.50 276490.92 137.50
389038.50 276400.92 141.55
389038.50 276310.92 140.44
389038.50 276220.92 146.14
389038.50 276130.92 137.74
389038.50 276040.92 124.29
389038.50 275950.92 100.40
389038.50 275860.92 67.87
389038.50 275770.92 42.99
389038.50 275680.92 29.29
389038.50 275590.92 4.66
389128.50 279190.92 3.23
389128.50 279100.92 4.61
389128.50 279010.92 5.25
389128.50 278920.92 5.04
389128.50 278830.92 5.23
389128.50 278740.92 5.59
389128.50 278650.92 6.60
389128.50 278560.92 13.41
389128.50 278470.92 28.92
389128.50 278380.92 49.63
389128.50 278290.92 66.75
389128.50 278200.92 64.19
389128.50 278110.92 42.70
389128.50 278020.92 22.03
389128.50 277930.92 11.41
389128.50 277840.92 8.42
389128.50 277750.92 6.30
389128.50 277660.92 5.36
389128.50 277570.92 6.97
389128.50 277480.92 10.61
389128.50 277390.92 17.86
389128.50 277300.92 28.07
389128.50 277210.92 35.13
389128.50 277120.92 41.42
389128.50 277030.92 50.47
389128.50 276940.92 65.46
389128.50 276850.92 75.12
389128.50 276760.92 81.56
389128.50 276670.92 97.24
389128.50 276580.92 114.15
389128.50 276490.92 128.59
389128.50 276400.92 134.25
389128.50 276310.92 132.59
389128.50 276220.92 134.68
389128.50 276130.92 136.52
389128.50 276040.92 127.54
389128.50 275950.92 89.85
389128.50 275860.92 52.32
389128.50 275770.92 21.05
389128.50 275680.92 7.14
389218.50 279010.92 5.23
389218.50 278920.92 4.74
389218.50 278830.92 4.61
389218.50 278740.92 4.77
389218.50 278650.92 4.17
389218.50 278560.92 10.73
389218.50 278470.92 31.30
389218.50 278380.92 53.96
389218.50 278290.92 62.40
389218.50 278200.92 49.71
389218.50 278110.92 25.87
389218.50 278020.92 9.91
389218.50 277930.92 5.46
389218.50 277840.92 3.30
389218.50 277750.92 3.40
389218.50 277660.92 3.77
389218.50 277570.92 5.27
389218.50 277480.92 6.89
389218.50 277390.92 7.36
389218.50 277300.92 9.63
389218.50 277210.92 14.87
389218.50 277120.92 23.12
389218.50 277030.92 33.65
389218.50 276940.92 47.91
389218.50 276850.92 65.47
389218.50 276760.92 81.26
389218.50 276670.92 95.86
389218.50 276580.92 105.52
389218.50 276490.92 115.27
389218.50 276400.92 125.18
389218.50 276310.92 119.50
389218.50 276220.92 115.84
389218.50 276130.92 111.16
389218.50 276040.92 100.69
389218.50 275950.92 71.51
389218.50 275860.92 36.80
389218.50 275770.92 13.16
389218.50 275680.92 7.14
389308.50 278920.92 4.32
389308.50 278830.92 3.56
389308.50 278740.92 3.95
389308.50 278650.92 3.47
389308.50 278560.92 10.56
389308.50 278470.92 27.39
389308.50 278380.92 40.93
389308.50 278290.92 44.66
389308.50 278200.92 28.68
389308.50 278110.92 11.33
389308.50 278020.92 6.08
389308.50 277930.92 5.64
389308.50 277840.92 6.66
389308.50 277750.92 6.96
389308.50 277660.92 7.01
389308.50 277570.92 7.95
389308.50 277480.92 8.05
389308.50 277390.92 5.70
389308.50 277300.92 4.56
389308.50 277210.92 5.84
389308.50 277120.92 11.77
389308.50 277030.92 25.76
389308.50 276940.92 41.84
389308.50 276850.92 58.55
389308.50 276760.92 70.89
389308.50 276670.92 84.28
389308.50 276580.92 94.33
389308.50 276490.92 100.62
389308.50 276400.92 109.45
389308.50 276310.92 113.63
389308.50 276220.92 98.88
389308.50 276130.92 75.45
389308.50 276040.92 61.70
389308.50 275950.92 46.70
389308.50 275860.92 22.81
389308.50 275770.92 5.33
389398.50 278830.92 2.95
389398.50 278740.92 2.72
389398.50 278650.92 3.52
389398.50 278560.92 7.96
389398.50 278470.92 15.23
389398.50 278380.92 17.91
389398.50 278290.92 18.09
389398.50 278200.92 9.82
389398.50 278110.92 5.25
389398.50 278020.92 4.87
389398.50 277930.92 4.43
389398.50 277840.92 6.60
389398.50 277750.92 6.81
389398.50 277660.92 6.51
389398.50 277570.92 6.47
389398.50 277480.92 6.38
389398.50 277390.92 6.93
389398.50 277300.92 7.64
389398.50 277210.92 6.42
389398.50 277120.92 9.59
389398.50 277030.92 27.42
389398.50 276940.92 52.45
389398.50 276850.92 71.20
389398.50 276760.92 77.16
389398.50 276670.92 81.02
389398.50 276580.92 80.45
389398.50 276490.92 80.17
389398.50 276400.92 87.23
389398.50 276310.92 99.74
389398.50 276220.92 80.68
389398.50 276130.92 49.82
389398.50 276040.92 32.98
389398.50 275950.92 23.77
389398.50 275860.92 11.49
389398.50 275770.92 1.39
389488.50 278650.92 3.57
389488.50 278560.92 4.57
389488.50 278470.92 3.60
389488.50 278380.92 3.36
389488.50 278290.92 3.41
389488.50 278200.92 3.85
389488.50 278110.92 3.99
389488.50 278020.92 4.68
389488.50 277930.92 5.23
389488.50 277840.92 5.75
389488.50 277750.92 6.21
389488.50 277660.92 6.26
389488.50 277570.92 6.51
389488.50 277480.92 6.41
389488.50 277390.92 6.78
389488.50 277300.92 7.94
389488.50 277210.92 7.99
389488.50 277120.92 9.84
389488.50 277030.92 23.33
389488.50 276940.92 46.69
389488.50 276850.92 56.28
389488.50 276760.92 56.49
389488.50 276670.92 57.60
389488.50 276580.92 59.40
389488.50 276490.92 59.34
389488.50 276400.92 58.64
389488.50 276310.92 62.62
389488.50 276220.92 48.38
389488.50 276130.92 30.88
389488.50 276040.92 18.28
389488.50 275950.92 10.09
389488.50 275860.92 7.17
389488.50 275770.92 8.87
389578.50 278920.92 0.71
389578.50 278470.92 3.73
389578.50 278290.92 3.05
389578.50 278200.92 3.66
389578.50 278110.92 3.67
389578.50 278020.92 3.92
389578.50 277930.92 3.75
389578.50 277840.92 4.53
389578.50 277750.92 5.64
389578.50 277660.92 5.93
389578.50 277570.92 6.55
389578.50 277480.92 6.52
389578.50 277390.92 7.14
389578.50 277300.92 8.90
389578.50 277210.92 8.63
389578.50 277120.92 6.26
389578.50 277030.92 9.72
389578.50 276940.92 22.49
389578.50 276850.92 23.20
389578.50 276760.92 20.34
389578.50 276670.92 23.82
389578.50 276580.92 29.17
389578.50 276490.92 31.16
389578.50 276400.92 29.52
389578.50 276310.92 25.26
389578.50 276220.92 21.90
389578.50 276130.92 19.85
389578.50 276040.92 13.86
389578.50 275950.92 7.49
389578.50 275860.92 12.29
389578.50 275770.92 25.41
389578.50 275680.92 32.93
389668.50 278830.92 1.12
389668.50 278110.92 3.59
389668.50 278020.92 3.99
389668.50 277930.92 4.04
389668.50 277840.92 4.75
389668.50 277750.92 5.40
389668.50 277660.92 5.72
389668.50 277570.92 6.30
389668.50 277480.92 5.87
389668.50 277390.92 6.12
389668.50 277300.92 7.32
389668.50 277210.92 7.81
389668.50 277120.92 4.87
389668.50 277030.92 3.71
389668.50 276940.92 7.07
389668.50 276850.92 8.26
389668.50 276760.92 11.21
389668.50 276670.92 16.23
389668.50 276580.92 21.50
389668.50 276490.92 22.27
389668.50 276400.92 21.92
389668.50 276310.92 20.41
389668.50 276220.92 19.90
389668.50 276130.92 18.45
389668.50 276040.92 13.37
389668.50 275950.92 11.59
389668.50 275860.92 19.13
389668.50 275770.92 33.66
389668.50 275680.92 44.73
389758.50 277930.92 3.98
389758.50 277840.92 4.40
389758.50 277750.92 4.52
389758.50 277660.92 4.77
389758.50 277570.92 5.63
389758.50 277480.92 6.12
389758.50 277390.92 6.11
389758.50 277300.92 6.16
389758.50 277210.92 6.00
389758.50 277120.92 5.09
389758.50 277030.92 3.04
389758.50 276940.92 5.06
389758.50 276850.92 3.02
389758.50 276760.92 6.50
389758.50 276670.92 10.79
389758.50 276580.92 13.98
389758.50 276490.92 14.88
389758.50 276400.92 16.99
389758.50 276310.92 19.15
389758.50 276220.92 19.80
389758.50 276130.92 18.06
389758.50 276040.92 16.20
389758.50 275950.92 19.10
389758.50 275860.92 27.08
389758.50 275770.92 37.00
389758.50 275680.92 41.60
389758.50 275590.92 24.15
389758.50 275500.92 14.09
389848.50 278200.92 3.28
389848.50 277750.92 4.49
389848.50 277660.92 4.55
389848.50 277570.92 5.53
389848.50 277480.92 6.66
389848.50 277390.92 6.61
389848.50 277300.92 6.20
389848.50 277210.92 5.48
389848.50 277120.92 5.55
389848.50 276850.92 2.20
389848.50 276760.92 4.98
389848.50 276670.92 5.69
389848.50 276580.92 8.01
389848.50 276490.92 10.87
389848.50 276400.92 16.65
389848.50 276310.92 25.28
389848.50 276220.92 27.89
389848.50 276130.92 24.18
389848.50 276040.92 23.67
389848.50 275950.92 27.10
389848.50 275860.92 34.96
389848.50 275770.92 48.61
389848.50 275680.92 57.03
389848.50 275590.92 48.40
389848.50 275500.92 40.58
389848.50 275410.92 28.69
389848.50 275320.92 10.60
389938.50 278290.92 2.88
389938.50 277660.92 4.48
389938.50 277570.92 5.45
389938.50 277480.92 6.19
389938.50 277390.92 6.01
389938.50 277300.92 6.35
389938.50 277210.92 4.98
389938.50 277120.92 3.16
389938.50 276850.92 1.30
389938.50 276670.92 3.50
389938.50 276580.92 7.75
389938.50 276490.92 13.54
389938.50 276400.92 26.77
389938.50 276310.92 42.56
389938.50 276220.92 43.56
389938.50 276130.92 34.81
389938.50 276040.92 30.58
389938.50 275950.92 35.58
389938.50 275860.92 46.50
389938.50 275770.92 63.99
389938.50 275680.92 76.29
389938.50 275590.92 73.02
389938.50 275500.92 64.59
389938.50 275410.92 56.16
389938.50 275320.92 48.91
390028.50 277480.92 5.22
390028.50 277390.92 4.36
390028.50 277300.92 5.84
390028.50 277210.92 3.71
390028.50 277120.92 1.90
390028.50 276670.92 5.12
390028.50 276580.92 14.03
390028.50 276490.92 23.50
390028.50 276400.92 46.17
390028.50 276310.92 66.39
390028.50 276220.92 59.13
390028.50 276130.92 46.01
390028.50 276040.92 38.47
390028.50 275950.92 44.32
390028.50 275860.92 57.06
390028.50 275770.92 75.65
390028.50 275680.92 99.02
390028.50 275590.92 108.76
390028.50 275500.92 94.85
390028.50 275410.92 88.04
390028.50 275320.92 78.33
390028.50 275230.92 51.54
390028.50 275140.92 38.49
390028.50 274960.92 69.27
390028.50 274870.92 43.92
390118.50 277390.92 3.92
390118.50 277300.92 5.36
390118.50 277210.92 1.84
390118.50 277120.92 1.90
390118.50 276670.92 5.46
390118.50 276580.92 18.13
390118.50 276490.92 25.98
390118.50 276400.92 60.39
390118.50 276310.92 85.66
390118.50 276220.92 70.29
390118.50 276130.92 55.31
390118.50 276040.92 51.28
390118.50 275950.92 59.07
390118.50 275860.92 69.74
390118.50 275770.92 86.20
390118.50 275680.92 120.59
390118.50 275590.92 146.63
390118.50 275500.92 129.81
390118.50 275410.92 116.30
390118.50 275320.92 93.54
390118.50 275230.92 64.87
390118.50 275140.92 72.84
390118.50 275050.92 98.46
390118.50 274960.92 104.13
390118.50 274870.92 88.83
390118.50 274780.92 71.18
390118.50 274690.92 29.83
390208.50 276490.92 14.91
390208.50 276400.92 54.88
390208.50 276310.92 69.40
390208.50 276220.92 51.81
390208.50 276130.92 54.08
390208.50 276040.92 69.41
390208.50 275950.92 82.90
390208.50 275860.92 98.93
390208.50 275770.92 116.01
390208.50 275680.92 147.56
390208.50 275590.92 178.65
390208.50 275500.92 163.48
390208.50 275410.92 132.92
390208.50 275320.92 100.33
390208.50 275230.92 82.36
390208.50 275140.92 99.12
390208.50 275050.92 125.33
390208.50 274960.92 130.83
390208.50 274870.92 104.74
390208.50 274780.92 71.07
390208.50 274690.92 28.85
390298.50 277390.92 3.34
390298.50 277300.92 3.52
390298.50 276310.92 17.86
390298.50 276220.92 9.85
390298.50 276130.92 33.57
390298.50 276040.92 65.67
390298.50 275950.92 97.87
390298.50 275860.92 126.42
390298.50 275770.92 153.35
390298.50 275680.92 176.99
390298.50 275590.92 200.08
390298.50 275500.92 183.23
390298.50 275410.92 145.67
390298.50 275320.92 118.03
390298.50 275230.92 106.92
390298.50 275140.92 127.98
390298.50 275050.92 154.88
390298.50 274960.92 152.60
390298.50 274870.92 111.46
390298.50 274780.92 83.65
390298.50 274690.92 61.69
390388.50 277570.92 3.54
390388.50 277480.92 3.29
390388.50 277390.92 3.37
390388.50 277300.92 3.69
390388.50 277210.92 3.11
390388.50 277120.92 1.35
390388.50 276220.92 7.22
390388.50 276130.92 18.82
390388.50 276040.92 34.23
390388.50 275950.92 82.26
390388.50 275860.92 115.16
390388.50 275770.92 151.99
390388.50 275680.92 188.12
390388.50 275590.92 208.28
390388.50 275500.92 185.38
390388.50 275410.92 156.15
390388.50 275320.92 128.50
390388.50 275230.92 117.91
390388.50 275140.92 136.94
390388.50 275050.92 164.32
390388.50 274960.92 169.40
390388.50 274870.92 141.95
390388.50 274780.92 113.52
390388.50 274690.92 70.22
390388.50 274600.92 37.54
390478.50 277570.92 3.85
390478.50 277480.92 3.35
390478.50 277390.92 4.03
390478.50 277300.92 3.59
390478.50 277210.92 3.25
390478.50 276040.92 19.84
390478.50 275950.92 48.43
390478.50 275860.92 94.81
390478.50 275770.92 141.24
390478.50 275680.92 186.20
390478.50 275590.92 219.68
390478.50 275500.92 200.39
390478.50 275410.92 167.09
390478.50 275320.92 139.49
390478.50 275230.92 128.14
390478.50 275140.92 136.73
390478.50 275050.92 163.05
390478.50 274960.92 174.82
390478.50 274870.92 150.74
390478.50 274780.92 114.29
390478.50 274690.92 66.77
390478.50 274600.92 30.68
390568.50 277660.92 8.53
390568.50 277570.92 7.00
390568.50 277480.92 4.66
390568.50 277390.92 5.23
390568.50 277300.92 3.59
390568.50 277210.92 1.75
390568.50 275950.92 18.48
390568.50 275860.92 62.96
390568.50 275770.92 118.04
390568.50 275680.92 175.31
390568.50 275590.92 231.22
390568.50 275500.92 211.68
390568.50 275410.92 173.00
390568.50 275320.92 152.03
390568.50 275230.92 145.47
390568.50 275140.92 148.64
390568.50 275050.92 166.46
390568.50 274960.92 162.23
390568.50 274870.92 127.11
390568.50 274780.92 81.43
390568.50 274690.92 48.44
390568.50 274600.92 30.68
390658.50 277750.92 17.22
390658.50 277660.92 21.78
390658.50 277570.92 17.39
390658.50 277480.92 7.50
390658.50 277390.92 4.63
390658.50 277300.92 4.72
390658.50 277210.92 1.75
390658.50 275950.92 9.25
390658.50 275860.92 34.76
390658.50 275770.92 92.67
390658.50 275680.92 169.46
390658.50 275590.92 229.90
390658.50 275500.92 205.83
390658.50 275410.92 177.59
390658.50 275320.92 159.81
390658.50 275230.92 146.90
390658.50 275140.92 148.68
390658.50 275050.92 149.31
390658.50 274960.92 127.78
390658.50 274870.92 103.74
390658.50 274780.92 54.94
390658.50 274690.92 11.94
390748.50 277750.92 42.38
390748.50 277660.92 37.13
390748.50 277570.92 22.88
390748.50 277480.92 9.69
390748.50 277390.92 2.14
390748.50 277300.92 5.66
390748.50 275860.92 22.63
390748.50 275770.92 65.43
390748.50 275680.92 158.20
390748.50 275590.92 230.53
390748.50 275500.92 204.97
390748.50 275410.92 170.81
390748.50 275320.92 148.55
390748.50 275230.92 120.53
390748.50 275140.92 103.16
390748.50 275050.92 94.29
390748.50 274960.92 78.00
390748.50 274870.92 64.18
390748.50 274780.92 27.98
390748.50 274690.92 0.72
390838.50 277840.92 52.04
390838.50 277750.92 71.55
390838.50 277660.92 46.64
390838.50 277570.92 22.04
390838.50 277480.92 11.48
390838.50 277390.92 1.04
390838.50 275770.92 48.16
390838.50 275680.92 147.14
390838.50 275590.92 225.89
390838.50 275500.92 198.31
390838.50 275410.92 149.94
390838.50 275320.92 120.68
390838.50 275230.92 86.15
390838.50 275140.92 54.74
390838.50 275050.92 55.21
390838.50 274960.92 44.47
390838.50 274870.92 43.87
390838.50 274780.92 10.76
390838.50 274690.92 0.72
390928.50 277930.92 43.90
390928.50 277840.92 81.27
390928.50 277750.92 82.20
390928.50 277660.92 45.17
390928.50 277570.92 12.40
390928.50 275770.92 27.25
390928.50 275680.92 104.98
390928.50 275590.92 172.36
390928.50 275500.92 143.62
390928.50 275410.92 92.08
390928.50 275320.92 60.74
390928.50 275230.92 39.10
390928.50 275140.92 17.04
391018.50 277930.92 44.71
391018.50 277840.92 75.94
391018.50 277750.92 68.16
391018.50 277660.92 23.55
391018.50 275770.92 14.16
391018.50 275680.92 48.60
391018.50 275590.92 80.23
391018.50 275500.92 54.23
391018.50 275410.92 9.91
391018.50 275320.92 1.45
391018.50 275230.92 2.71
391018.50 275140.92 0.27
391018.50 273250.92 6.58
391018.50 273160.92 5.81
391108.50 277930.92 7.20
391108.50 277840.92 23.18
391108.50 277750.92 77.38
391108.50 277660.92 23.55
391108.50 275680.92 21.56
391108.50 275590.92 41.82
391108.50 275500.92 48.64
391108.50 275410.92 0.25
391108.50 275320.92 0.81
391198.50 277930.92 8.50
391198.50 277840.92 0.90
391198.50 275680.92 13.13
391198.50 275590.92 30.78
391198.50 275410.92 0.07
391288.50 275680.92 7.60
391738.50 277840.92 3.03
391828.50 277840.92 3.22
391918.50 277840.92 3.22
