390114.13 287586.42 129.38
390114.13 287496.42 150.05
390114.13 287406.42 194.33
390114.13 287316.42 225.61
390204.13 287946.42 102.10
390204.13 287856.42 101.55
390204.13 287766.42 105.19
390204.13 287676.42 111.87
390204.13 287586.42 128.74
390204.13 287496.42 145.48
390204.13 287406.42 179.55
390204.13 287316.42 206.22
390204.13 287226.42 212.15
390204.13 287136.42 252.90
390294.13 288216.42 89.78
390294.13 288126.42 115.57
390294.13 288036.42 134.80
390294.13 287946.42 161.27
390294.13 287856.42 149.94
390294.13 287766.42 142.21
390294.13 287676.42 153.52
390294.13 287586.42 169.27
390294.13 287496.42 150.63
390294.13 287406.42 171.38
390294.13 287316.42 182.41
390294.13 287226.42 207.56
390294.13 287136.42 272.36
390294.13 287046.42 303.61
390294.13 286956.42 324.51
390384.13 288486.42 41.37
390384.13 288396.42 52.29
390384.13 288306.42 71.62
390384.13 288216.42 107.72
390384.13 288126.42 128.54
390384.13 288036.42 148.34
390384.13 287946.42 177.18
390384.13 287856.42 176.08
390384.13 287766.42 177.15
390384.13 287676.42 189.43
390384.13 287586.42 193.91
390384.13 287496.42 176.52
390384.13 287406.42 203.25
390384.13 287316.42 222.68
390384.13 287226.42 233.19
390384.13 287136.42 259.41
390384.13 287046.42 282.45
390384.13 286956.42 323.79
390384.13 286866.42 306.60
390384.13 286776.42 280.07
390474.13 288756.42 56.49
390474.13 288666.42 46.56
390474.13 288576.42 37.48
390474.13 288486.42 40.80
390474.13 288396.42 53.06
390474.13 288306.42 73.99
390474.13 288216.42 102.68
390474.13 288126.42 104.94
390474.13 288036.42 128.73
390474.13 287946.42 158.06
390474.13 287856.42 188.16
390474.13 287766.42 214.77
390474.13 287676.42 227.50
390474.13 287586.42 231.81
390474.13 287496.42 211.48
390474.13 287406.42 229.12
390474.13 287316.42 257.69
390474.13 287226.42 269.20
390474.13 287136.42 276.16
390474.13 287046.42 287.55
390474.13 286956.42 323.52
390474.13 286866.42 326.34
390474.13 286776.42 299.46
390474.13 286686.42 273.16
390564.13 289026.42 135.85
390564.13 288936.42 103.48
390564.13 288846.42 77.48
390564.13 288756.42 64.46
390564.13 288666.42 57.80
390564.13 288576.42 42.31
390564.13 288486.42 42.29
390564.13 288396.42 49.34
390564.13 288306.42 62.82
390564.13 288216.42 71.50
390564.13 288126.42 78.73
390564.13 288036.42 105.30
390564.13 287946.42 135.26
390564.13 287856.42 206.99
390564.13 287766.42 232.43
390564.13 287676.42 255.15
390564.13 287586.42 267.93
390564.13 287496.42 258.25
390564.13 287406.42 254.38
390564.13 287316.42 277.46
390564.13 287226.42 300.74
390564.13 287136.42 315.85
390564.13 287046.42 311.67
390564.13 286956.42 328.75
390564.13 286866.42 328.21
390564.13 286776.42 284.80
390564.13 286686.42 250.05
390564.13 286596.42 219.81
390564.13 286506.42 203.63
390654.13 289206.42 124.35
390654.13 289116.42 149.22
390654.13 289026.42 155.28
390654.13 288936.42 122.73
390654.13 288846.42 93.12
390654.13 288756.42 84.33
390654.13 288666.42 68.65
390654.13 288576.42 47.29
390654.13 288486.42 44.90
390654.13 288396.42 49.87
390654.13 288306.42 58.07
390654.13 288216.42 67.57
390654.13 288126.42 80.07
390654.13 288036.42 102.10
390654.13 287946.42 139.61
390654.13 287856.42 207.21
390654.13 287766.42 221.20
390654.13 287676.42 236.79
390654.13 287586.42 261.67
390654.13 287496.42 284.85
390654.13 287406.42 297.67
390654.13 287316.42 293.27
390654.13 287226.42 319.65
390654.13 287136.42 346.66
390654.13 287046.42 338.59
390654.13 286956.42 339.48
390654.13 286866.42 330.13
390654.13 286776.42 289.44
390654.13 286686.42 254.75
390654.13 286596.42 223.59
390654.13 286506.42 192.80
390654.13 286416.42 152.24
390654.13 286326.42 143.88
390744.13 289296.42 128.18
390744.13 289206.42 146.68
390744.13 289116.42 162.79
390744.13 289026.42 158.71
390744.13 288936.42 129.30
390744.13 288846.42 103.82
390744.13 288756.42 98.57
390744.13 288666.42 71.61
390744.13 288576.42 51.83
390744.13 288486.42 48.04
390744.13 288396.42 52.49
390744.13 288306.42 61.11
390744.13 288216.42 70.47
390744.13 288126.42 85.60
390744.13 288036.42 103.01
390744.13 287946.42 130.04
390744.13 287856.42 181.08
390744.13 287766.42 186.83
390744.13 287676.42 203.62
390744.13 287586.42 229.14
390744.13 287496.42 268.16
390744.13 287406.42 299.38
390744.13 287316.42 318.22
390744.13 287226.42 343.37
390744.13 287136.42 371.55
390744.13 287046.42 364.25
390744.13 286956.42 353.97
390744.13 286866.42 329.39
390744.13 286776.42 290.54
390744.13 286686.42 264.15
390744.13 286596.42 246.20
390744.13 286506.42 231.95
390744.13 286416.42 181.50
390744.13 286326.42 145.66
390744.13 286236.42 130.43
390744.13 286146.42 107.85
390834.13 289386.42 86.40
390834.13 289296.42 147.68
390834.13 289206.42 186.40
390834.13 289116.42 203.08
390834.13 289026.42 173.46
390834.13 288936.42 140.48
390834.13 288846.42 111.83
390834.13 288756.42 95.43
390834.13 288666.42 84.25
390834.13 288576.42 60.00
390834.13 288486.42 52.51
390834.13 288396.42 55.15
390834.13 288306.42 62.05
390834.13 288216.42 68.85
390834.13 288126.42 82.52
390834.13 288036.42 100.79
390834.13 287946.42 117.81
390834.13 287856.42 147.98
390834.13 287766.42 158.53
390834.13 287676.42 183.13
390834.13 287586.42 218.92
390834.13 287496.42 254.63
390834.13 287406.42 272.06
390834.13 287316.42 305.84
390834.13 287226.42 332.93
390834.13 287136.42 394.57
390834.13 287046.42 388.89
390834.13 286956.42 363.86
390834.13 286866.42 325.67
390834.13 286776.42 300.34
390834.13 286686.42 296.37
390834.13 286596.42 282.50
390834.13 286506.42 253.58
390834.13 286416.42 201.07
390834.13 286326.42 166.91
390834.13 286236.42 144.92
390834.13 286146.42 120.58
390834.13 286056.42 93.88
390924.13 289386.42 91.38
390924.13 289296.42 158.40
390924.13 289206.42 207.34
390924.13 289116.42 227.66
390924.13 289026.42 213.66
390924.13 288936.42 168.26
390924.13 288846.42 125.39
390924.13 288756.42 114.80
390924.13 288666.42 108.34
390924.13 288576.42 70.25
390924.13 288486.42 59.64
390924.13 288396.42 57.89
390924.13 288306.42 62.56
390924.13 288216.42 68.85
390924.13 288126.42 75.14
390924.13 288036.42 81.47
390924.13 287946.42 94.50
390924.13 287856.42 122.30
390924.13 287766.42 151.42
390924.13 287676.42 172.87
390924.13 287586.42 202.76
390924.13 287496.42 234.08
390924.13 287406.42 276.04
390924.13 287316.42 317.93
390924.13 287226.42 338.33
390924.13 287136.42 375.06
390924.13 287046.42 378.09
390924.13 286956.42 362.33
390924.13 286866.42 337.95
390924.13 286776.42 330.13
390924.13 286686.42 319.88
390924.13 286596.42 295.74
390924.13 286506.42 264.79
390924.13 286416.42 207.58
390924.13 286326.42 173.26
390924.13 286236.42 146.80
390924.13 286146.42 135.68
390924.13 286056.42 135.34
390924.13 285966.42 122.60
390924.13 285876.42 94.82
391014.13 289476.42 73.72
391014.13 289386.42 95.95
391014.13 289296.42 145.90
391014.13 289206.42 179.02
391014.13 289116.42 204.10
391014.13 289026.42 228.71
391014.13 288936.42 187.28
391014.13 288846.42 141.99
391014.13 288756.42 120.84
391014.13 288666.42 105.49
391014.13 288576.42 73.68
391014.13 288486.42 65.77
391014.13 288396.42 60.52
391014.13 288306.42 62.79
391014.13 288216.42 69.42
391014.13 288126.42 69.72
391014.13 288036.42 71.94
391014.13 287946.42 81.69
391014.13 287856.42 118.57
391014.13 287766.42 147.24
391014.13 287676.42 172.79
391014.13 287586.42 204.01
391014.13 287496.42 253.29
391014.13 287406.42 307.08
391014.13 287316.42 345.05
391014.13 287226.42 328.57
391014.13 287136.42 317.35
391014.13 287046.42 316.03
391014.13 286956.42 311.59
391014.13 286866.42 311.09
391014.13 286776.42 323.68
391014.13 286686.42 319.47
391014.13 286596.42 316.36
391014.13 286506.42 295.69
391014.13 286416.42 254.10
391014.13 286326.42 223.38
391014.13 286236.42 203.59
391014.13 286146.42 197.38
391014.13 286056.42 193.12
391014.13 285966.42 174.05
391014.13 285876.42 143.56
391014.13 285786.42 100.51
391014.13 285696.42 80.57
391104.13 289476.42 73.37
391104.13 289386.42 93.68
391104.13 289296.42 129.29
391104.13 289206.42 143.98
391104.13 289116.42 180.00
391104.13 289026.42 192.59
391104.13 288936.42 167.58
391104.13 288846.42 128.70
391104.13 288756.42 102.35
391104.13 288666.42 93.86
391104.13 288576.42 69.74
391104.13 288486.42 61.99
391104.13 288396.42 56.21
391104.13 288306.42 55.01
391104.13 288216.42 59.58
391104.13 288126.42 59.65
391104.13 288036.42 69.98
391104.13 287946.42 81.61
391104.13 287856.42 115.26
391104.13 287766.42 133.15
391104.13 287676.42 162.29
391104.13 287586.42 204.86
391104.13 287496.42 241.03
391104.13 287406.42 282.66
391104.13 287316.42 309.47
391104.13 287226.42 282.07
391104.13 287136.42 293.13
391104.13 287046.42 285.22
391104.13 286956.42 271.09
391104.13 286866.42 283.82
391104.13 286776.42 293.83
391104.13 286686.42 278.39
391104.13 286596.42 287.52
391104.13 286506.42 291.05
391104.13 286416.42 276.54
391104.13 286326.42 248.02
391104.13 286236.42 239.03
391104.13 286146.42 215.63
391104.13 286056.42 182.91
391104.13 285966.42 156.23
391104.13 285876.42 142.23
391104.13 285786.42 118.29
391104.13 285696.42 92.00
391104.13 285606.42 76.71
391104.13 285516.42 60.29
391194.13 289476.42 80.19
391194.13 289386.42 97.99
391194.13 289296.42 107.82
391194.13 289206.42 130.29
391194.13 289116.42 169.14
391194.13 289026.42 157.29
391194.13 288936.42 128.99
391194.13 288846.42 104.35
391194.13 288756.42 87.39
391194.13 288666.42 73.89
391194.13 288576.42 58.51
391194.13 288486.42 56.76
391194.13 288396.42 52.58
391194.13 288306.42 51.09
391194.13 288216.42 52.67
391194.13 288126.42 58.07
391194.13 288036.42 68.92
391194.13 287946.42 82.65
391194.13 287856.42 109.55
391194.13 287766.42 131.30
391194.13 287676.42 166.34
391194.13 287586.42 210.93
391194.13 287496.42 238.44
391194.13 287406.42 268.38
391194.13 287316.42 270.87
391194.13 287226.42 246.52
391194.13 287136.42 275.32
391194.13 287046.42 244.42
391194.13 286956.42 228.74
391194.13 286866.42 248.29
391194.13 286776.42 249.38
391194.13 286686.42 246.42
391194.13 286596.42 253.08
391194.13 286506.42 258.46
391194.13 286416.42 267.17
391194.13 286326.42 270.02
391194.13 286236.42 256.95
391194.13 286146.42 229.12
391194.13 286056.42 195.15
391194.13 285966.42 167.90
391194.13 285876.42 152.65
391194.13 285786.42 139.89
391194.13 285696.42 93.35
391194.13 285606.42 82.72
391194.13 285516.42 74.37
391194.13 285426.42 62.17
391284.13 289386.42 85.13
391284.13 289296.42 94.52
391284.13 289206.42 129.27
391284.13 289116.42 157.80
391284.13 289026.42 133.26
391284.13 288936.42 103.93
391284.13 288846.42 81.22
391284.13 288756.42 70.62
391284.13 288666.42 60.57
391284.13 288576.42 49.35
391284.13 288486.42 48.77
391284.13 288396.42 48.86
391284.13 288306.42 47.49
391284.13 288216.42 49.45
391284.13 288126.42 51.76
391284.13 288036.42 59.46
391284.13 287946.42 78.55
391284.13 287856.42 93.67
391284.13 287766.42 124.14
391284.13 287676.42 159.79
391284.13 287586.42 198.34
391284.13 287496.42 212.00
391284.13 287406.42 231.60
391284.13 287316.42 229.78
391284.13 287226.42 218.58
391284.13 287136.42 256.61
391284.13 287046.42 216.10
391284.13 286956.42 197.03
391284.13 286866.42 214.44
391284.13 286776.42 201.38
391284.13 286686.42 227.04
391284.13 286596.42 217.55
391284.13 286506.42 216.15
391284.13 286416.42 237.47
391284.13 286326.42 255.00
391284.13 286236.42 252.96
391284.13 286146.42 242.64
391284.13 286056.42 219.62
391284.13 285966.42 190.27
391284.13 285876.42 166.19
391284.13 285786.42 151.33
391284.13 285696.42 112.40
391284.13 285606.42 111.67
391284.13 285516.42 97.37
391284.13 285426.42 85.89
391284.13 285336.42 81.76
391284.13 285246.42 55.32
391374.13 289386.42 73.42
391374.13 289296.42 80.75
391374.13 289206.42 108.67
391374.13 289116.42 121.02
391374.13 289026.42 108.72
391374.13 288936.42 86.20
391374.13 288846.42 73.10
391374.13 288756.42 56.72
391374.13 288666.42 50.76
391374.13 288576.42 42.78
391374.13 288486.42 43.45
391374.13 288396.42 45.42
391374.13 288306.42 43.80
391374.13 288216.42 44.90
391374.13 288126.42 46.17
391374.13 288036.42 50.08
391374.13 287946.42 66.96
391374.13 287856.42 80.57
391374.13 287766.42 115.68
391374.13 287676.42 160.12
391374.13 287586.42 187.84
391374.13 287496.42 182.64
391374.13 287406.42 196.97
391374.13 287316.42 189.40
391374.13 287226.42 191.08
391374.13 287136.42 216.65
391374.13 287046.42 182.13
391374.13 286956.42 176.36
391374.13 286866.42 189.73
391374.13 286776.42 165.91
391374.13 286686.42 193.89
391374.13 286596.42 183.68
391374.13 286506.42 180.72
391374.13 286416.42 229.97
391374.13 286326.42 226.15
391374.13 286236.42 227.10
391374.13 286146.42 222.88
391374.13 286056.42 226.62
391374.13 285966.42 212.29
391374.13 285876.42 184.83
391374.13 285786.42 173.54
391374.13 285696.42 131.45
391374.13 285606.42 122.32
391374.13 285516.42 102.52
391374.13 285426.42 83.76
391374.13 285336.42 66.37
391374.13 285246.42 49.92
391374.13 285156.42 36.63
391374.13 285066.42 23.11
391464.13 289386.42 52.97
391464.13 289296.42 66.89
391464.13 289206.42 80.04
391464.13 289116.42 90.75
391464.13 289026.42 83.94
391464.13 288936.42 70.21
391464.13 288846.42 65.16
391464.13 288756.42 51.07
391464.13 288666.42 42.56
391464.13 288576.42 35.99
391464.13 288486.42 39.31
391464.13 288396.42 41.44
391464.13 288306.42 40.01
391464.13 288216.42 42.26
391464.13 288126.42 43.29
391464.13 288036.42 45.99
391464.13 287946.42 58.40
391464.13 287856.42 69.66
391464.13 287766.42 101.83
391464.13 287676.42 134.86
391464.13 287586.42 149.08
391464.13 287496.42 160.86
391464.13 287406.42 149.98
391464.13 287316.42 151.35
391464.13 287226.42 159.40
391464.13 287136.42 175.58
391464.13 287046.42 146.48
391464.13 286956.42 161.41
391464.13 286866.42 169.70
391464.13 286776.42 136.33
391464.13 286686.42 151.37
391464.13 286596.42 143.45
391464.13 286506.42 159.06
391464.13 286416.42 225.31
391464.13 286326.42 203.30
391464.13 286236.42 190.04
391464.13 286146.42 180.84
391464.13 286056.42 199.89
391464.13 285966.42 212.28
391464.13 285876.42 205.54
391464.13 285786.42 184.05
391464.13 285696.42 136.33
391464.13 285606.42 116.31
391464.13 285516.42 101.82
391464.13 285426.42 81.49
391464.13 285336.42 61.49
391464.13 285246.42 42.17
391464.13 285156.42 34.04
391464.13 285066.42 27.18
391464.13 284976.42 18.09
391464.13 284886.42 17.67
391554.13 289386.42 36.73
391554.13 289296.42 48.45
391554.13 289206.42 61.04
391554.13 289116.42 69.88
391554.13 289026.42 60.39
391554.13 288936.42 52.28
391554.13 288846.42 46.61
391554.13 288756.42 44.24
391554.13 288666.42 37.05
391554.13 288576.42 29.35
391554.13 288486.42 31.04
391554.13 288396.42 35.77
391554.13 288306.42 34.55
391554.13 288216.42 39.72
391554.13 288126.42 41.53
391554.13 288036.42 43.71
391554.13 287946.42 49.77
391554.13 287856.42 59.65
391554.13 287766.42 78.20
391554.13 287676.42 103.07
391554.13 287586.42 116.54
391554.13 287496.42 148.16
391554.13 287406.42 121.93
391554.13 287316.42 116.28
391554.13 287226.42 128.79
391554.13 287136.42 136.90
391554.13 287046.42 114.25
391554.13 286956.42 142.54
391554.13 286866.42 150.62
391554.13 286776.42 113.24
391554.13 286686.42 111.92
391554.13 286596.42 115.83
391554.13 286506.42 156.35
391554.13 286416.42 211.72
391554.13 286326.42 186.47
391554.13 286236.42 169.83
391554.13 286146.42 146.35
391554.13 286056.42 167.51
391554.13 285966.42 191.31
391554.13 285876.42 200.48
391554.13 285786.42 190.08
391554.13 285696.42 158.23
391554.13 285606.42 134.14
391554.13 285516.42 109.93
391554.13 285426.42 82.47
391554.13 285336.42 62.72
391554.13 285246.42 48.91
391554.13 285156.42 53.43
391554.13 285066.42 38.80
391554.13 284976.42 16.85
391554.13 284886.42 15.27
391554.13 284796.42 15.93
391644.13 289296.42 38.61
391644.13 289206.42 51.98
391644.13 289116.42 49.11
391644.13 289026.42 37.66
391644.13 288936.42 32.49
391644.13 288846.42 31.82
391644.13 288756.42 31.60
391644.13 288666.42 31.75
391644.13 288576.42 23.66
391644.13 288486.42 25.75
391644.13 288396.42 30.20
391644.13 288306.42 29.03
391644.13 288216.42 32.65
391644.13 288126.42 37.24
391644.13 288036.42 39.35
391644.13 287946.42 41.26
391644.13 287856.42 47.09
391644.13 287766.42 57.36
391644.13 287676.42 75.34
391644.13 287586.42 98.95
391644.13 287496.42 116.58
391644.13 287406.42 100.86
391644.13 287316.42 88.31
391644.13 287226.42 92.63
391644.13 287136.42 93.04
391644.13 287046.42 83.88
391644.13 286956.42 103.92
391644.13 286866.42 103.67
391644.13 286776.42 88.34
391644.13 286686.42 81.41
391644.13 286596.42 109.22
391644.13 286506.42 150.49
391644.13 286416.42 183.03
391644.13 286326.42 168.01
391644.13 286236.42 148.60
391644.13 286146.42 109.82
391644.13 286056.42 129.78
391644.13 285966.42 159.38
391644.13 285876.42 167.47
391644.13 285786.42 162.16
391644.13 285696.42 144.26
391644.13 285606.42 137.68
391644.13 285516.42 118.29
391644.13 285426.42 100.39
391644.13 285336.42 82.13
391644.13 285246.42 67.67
391644.13 285156.42 67.75
391644.13 285066.42 53.46
391644.13 284976.42 20.02
391644.13 284886.42 15.38
391644.13 284796.42 12.59
391644.13 284706.42 11.56
391644.13 284616.42 12.12
391734.13 289296.42 30.98
391734.13 289206.42 42.44
391734.13 289116.42 44.20
391734.13 289026.42 28.41
391734.13 288936.42 20.85
391734.13 288846.42 19.37
391734.13 288756.42 19.00
391734.13 288666.42 21.69
391734.13 288576.42 18.91
391734.13 288486.42 22.12
391734.13 288396.42 22.83
391734.13 288306.42 23.48
391734.13 288216.42 25.77
391734.13 288126.42 30.83
391734.13 288036.42 30.49
391734.13 287946.42 29.79
391734.13 287856.42 46.87
391734.13 287766.42 56.79
391734.13 287676.42 73.41
391734.13 287586.42 104.48
391734.13 287496.42 108.43
391734.13 287406.42 73.47
391734.13 287316.42 63.98
391734.13 287226.42 54.63
391734.13 287136.42 55.73
391734.13 287046.42 57.52
391734.13 286956.42 55.80
391734.13 286866.42 54.17
391734.13 286776.42 53.06
391734.13 286686.42 64.54
391734.13 286596.42 99.44
391734.13 286506.42 123.73
391734.13 286416.42 132.94
391734.13 286326.42 133.14
391734.13 286236.42 102.57
391734.13 286146.42 71.39
391734.13 286056.42 84.56
391734.13 285966.42 106.97
391734.13 285876.42 122.25
391734.13 285786.42 115.59
391734.13 285696.42 100.58
391734.13 285606.42 120.97
391734.13 285516.42 99.55
391734.13 285426.42 76.46
391734.13 285336.42 56.14
391734.13 285246.42 59.97
391734.13 285156.42 46.78
391734.13 285066.42 42.67
391734.13 284976.42 27.45
391734.13 284886.42 16.08
391734.13 284796.42 9.69
391734.13 284706.42 8.42
391734.13 284616.42 8.75
391734.13 284526.42 7.86
391734.13 284436.42 6.16
391824.13 289296.42 28.45
391824.13 289206.42 40.35
391824.13 289116.42 37.86
391824.13 289026.42 26.97
391824.13 288936.42 20.27
391824.13 288846.42 17.55
391824.13 288756.42 16.17
391824.13 288666.42 17.67
391824.13 288576.42 16.39
391824.13 288486.42 20.36
391824.13 288396.42 22.17
391824.13 288306.42 22.10
391824.13 288216.42 21.77
391824.13 288126.42 23.19
391824.13 288036.42 23.30
391824.13 287946.42 24.00
391824.13 287856.42 38.70
391824.13 287766.42 55.47
391824.13 287676.42 70.91
391824.13 287586.42 99.81
391824.13 287496.42 111.68
391824.13 287406.42 75.27
391824.13 287316.42 53.17
391824.13 287226.42 48.30
391824.13 287136.42 44.32
391824.13 287046.42 45.43
391824.13 286956.42 44.58
391824.13 286866.42 44.74
391824.13 286776.42 41.58
391824.13 286686.42 52.97
391824.13 286596.42 73.96
391824.13 286506.42 86.31
391824.13 286416.42 106.59
391824.13 286326.42 107.72
391824.13 286236.42 87.80
391824.13 286146.42 63.48
391824.13 286056.42 61.56
391824.13 285966.42 94.16
391824.13 285876.42 109.12
391824.13 285786.42 97.58
391824.13 285696.42 75.74
391824.13 285606.42 97.21
391824.13 285516.42 85.97
391824.13 285426.42 66.42
391824.13 285336.42 45.59
391824.13 285246.42 40.69
391824.13 285156.42 34.04
391824.13 285066.42 26.72
391824.13 284976.42 20.38
391824.13 284886.42 12.12
391824.13 284796.42 8.70
391824.13 284706.42 7.83
391824.13 284616.42 7.13
391824.13 284526.42 5.83
391824.13 284436.42 4.88
391824.13 284346.42 2.92
391824.13 284256.42 3.71
391914.13 289206.42 28.95
391914.13 289116.42 31.23
391914.13 289026.42 32.13
391914.13 288936.42 27.14
391914.13 288846.42 19.72
391914.13 288756.42 15.42
391914.13 288666.42 14.11
391914.13 288576.42 14.44
391914.13 288486.42 18.50
391914.13 288396.42 20.95
391914.13 288306.42 21.20
391914.13 288216.42 19.33
391914.13 288126.42 18.13
391914.13 288036.42 18.34
391914.13 287946.42 20.32
391914.13 287856.42 32.99
391914.13 287766.42 50.15
391914.13 287676.42 62.31
391914.13 287586.42 88.36
391914.13 287496.42 95.95
391914.13 287406.42 66.61
391914.13 287316.42 49.70
391914.13 287226.42 43.38
391914.13 287136.42 38.14
391914.13 287046.42 39.15
391914.13 286956.42 38.47
391914.13 286866.42 39.91
391914.13 286776.42 38.30
391914.13 286686.42 33.66
391914.13 286596.42 48.51
391914.13 286506.42 56.33
391914.13 286416.42 82.20
391914.13 286326.42 76.56
391914.13 286236.42 70.29
391914.13 286146.42 51.81
391914.13 286056.42 55.18
391914.13 285966.42 78.52
391914.13 285876.42 85.16
391914.13 285786.42 77.47
391914.13 285696.42 59.87
391914.13 285606.42 74.81
391914.13 285516.42 69.06
391914.13 285426.42 58.52
391914.13 285336.42 40.84
391914.13 285246.42 34.59
391914.13 285156.42 30.16
391914.13 285066.42 23.45
391914.13 284976.42 14.16
391914.13 284886.42 11.13
391914.13 284796.42 8.30
391914.13 284706.42 6.28
391914.13 284616.42 4.88
391914.13 284526.42 4.20
391914.13 284436.42 3.49
391914.13 284346.42 3.74
391914.13 284256.42 3.99
391914.13 284166.42 3.66
392004.13 289206.42 32.49
392004.13 289116.42 39.93
392004.13 289026.42 48.80
392004.13 288936.42 41.71
392004.13 288846.42 30.38
392004.13 288756.42 18.20
392004.13 288666.42 12.85
392004.13 288576.42 13.04
392004.13 288486.42 15.85
392004.13 288396.42 17.41
392004.13 288306.42 17.99
392004.13 288216.42 17.35
392004.13 288126.42 16.06
392004.13 288036.42 16.29
392004.13 287946.42 20.47
392004.13 287856.42 29.19
392004.13 287766.42 38.47
392004.13 287676.42 53.58
392004.13 287586.42 74.10
392004.13 287496.42 86.45
392004.13 287406.42 51.30
392004.13 287316.42 41.15
392004.13 287226.42 37.63
392004.13 287136.42 33.42
392004.13 287046.42 33.37
392004.13 286956.42 33.92
392004.13 286866.42 37.88
392004.13 286776.42 36.95
392004.13 286686.42 26.51
392004.13 286596.42 31.99
392004.13 286506.42 39.43
392004.13 286416.42 52.95
392004.13 286326.42 52.61
392004.13 286236.42 62.22
392004.13 286146.42 46.03
392004.13 286056.42 43.44
392004.13 285966.42 53.72
392004.13 285876.42 58.67
392004.13 285786.42 55.41
392004.13 285696.42 48.65
392004.13 285606.42 54.15
392004.13 285516.42 54.87
392004.13 285426.42 52.75
392004.13 285336.42 37.06
392004.13 285246.42 29.86
392004.13 285156.42 24.43
392004.13 285066.42 20.90
392004.13 284976.42 13.83
392004.13 284886.42 10.78
392004.13 284796.42 7.75
392004.13 284706.42 5.16
392004.13 284616.42 3.59
392004.13 284526.42 3.84
392004.13 284436.42 3.45
392004.13 284346.42 4.79
392004.13 284256.42 4.39
392004.13 284166.42 3.90
392004.13 284076.42 3.91
392004.13 283986.42 3.63
392094.13 289206.42 35.72
392094.13 289116.42 50.28
392094.13 289026.42 55.25
392094.13 288936.42 47.50
392094.13 288846.42 44.95
392094.13 288756.42 25.51
392094.13 288666.42 14.91
392094.13 288576.42 11.39
392094.13 288486.42 14.15
392094.13 288396.42 15.08
392094.13 288306.42 15.03
392094.13 288216.42 15.82
392094.13 288126.42 15.32
392094.13 288036.42 14.87
392094.13 287946.42 21.59
392094.13 287856.42 21.68
392094.13 287766.42 29.62
392094.13 287676.42 39.06
392094.13 287586.42 53.23
392094.13 287496.42 65.05
392094.13 287406.42 41.10
392094.13 287316.42 32.40
392094.13 287226.42 32.20
392094.13 287136.42 29.63
392094.13 287046.42 29.60
392094.13 286956.42 32.62
392094.13 286866.42 35.80
392094.13 286776.42 35.36
392094.13 286686.42 23.72
392094.13 286596.42 22.88
392094.13 286506.42 28.04
392094.13 286416.42 34.34
392094.13 286326.42 38.31
392094.13 286236.42 46.65
392094.13 286146.42 39.76
392094.13 286056.42 33.68
392094.13 285966.42 35.55
392094.13 285876.42 38.91
392094.13 285786.42 40.61
392094.13 285696.42 38.54
392094.13 285606.42 39.88
392094.13 285516.42 37.91
392094.13 285426.42 44.39
392094.13 285336.42 34.63
392094.13 285246.42 27.09
392094.13 285156.42 22.69
392094.13 285066.42 19.44
392094.13 284976.42 12.86
392094.13 284886.42 9.98
392094.13 284796.42 6.75
392094.13 284706.42 4.50
392094.13 284616.42 2.82
392094.13 284526.42 3.12
392094.13 284436.42 4.33
392094.13 284346.42 4.63
392094.13 284256.42 5.12
392094.13 284166.42 4.95
392094.13 284076.42 4.68
392094.13 283986.42 4.33
392094.13 283896.42 4.62
392184.13 289296.42 28.31
392184.13 289206.42 41.56
392184.13 289116.42 55.49
392184.13 289026.42 55.09
392184.13 288936.42 48.91
392184.13 288846.42 42.57
392184.13 288756.42 29.84
392184.13 288666.42 19.32
392184.13 288576.42 10.40
392184.13 288486.42 12.66
392184.13 288396.42 14.96
392184.13 288306.42 13.56
392184.13 288216.42 14.94
392184.13 288126.42 15.26
392184.13 288036.42 12.18
392184.13 287946.42 12.56
392184.13 287856.42 17.63
392184.13 287766.42 22.12
392184.13 287676.42 28.56
392184.13 287586.42 33.75
392184.13 287496.42 36.25
392184.13 287406.42 30.51
392184.13 287316.42 25.96
392184.13 287226.42 27.14
392184.13 287136.42 25.82
392184.13 287046.42 25.65
392184.13 286956.42 30.49
392184.13 286866.42 32.13
392184.13 286776.42 32.04
392184.13 286686.42 23.26
392184.13 286596.42 18.26
392184.13 286506.42 18.96
392184.13 286416.42 27.69
392184.13 286326.42 31.24
392184.13 286236.42 30.36
392184.13 286146.42 30.73
392184.13 286056.42 28.34
392184.13 285966.42 27.46
392184.13 285876.42 29.96
392184.13 285786.42 28.13
392184.13 285696.42 30.61
392184.13 285606.42 24.21
392184.13 285516.42 23.36
392184.13 285426.42 28.33
392184.13 285336.42 26.60
392184.13 285246.42 24.92
392184.13 285156.42 21.70
392184.13 285066.42 17.79
392184.13 284976.42 11.67
392184.13 284886.42 8.81
392184.13 284796.42 6.32
392184.13 284706.42 2.87
392184.13 284616.42 3.01
392184.13 284526.42 4.29
392184.13 284436.42 4.62
392184.13 284346.42 4.16
392184.13 284256.42 5.16
392184.13 284166.42 5.58
392184.13 284076.42 4.91
392184.13 283986.42 4.72
392184.13 283896.42 3.96
392184.13 283806.42 3.84
392274.13 289476.42 20.57
392274.13 289386.42 23.06
392274.13 289296.42 39.01
392274.13 289206.42 49.37
392274.13 289116.42 54.99
392274.13 289026.42 51.22
392274.13 288936.42 43.75
392274.13 288846.42 33.26
392274.13 288756.42 27.85
392274.13 288666.42 19.00
392274.13 288576.42 10.20
392274.13 288486.42 10.87
392274.13 288396.42 15.58
392274.13 288306.42 12.10
392274.13 288216.42 12.12
392274.13 288126.42 11.60
392274.13 288036.42 10.63
392274.13 287946.42 10.70
392274.13 287856.42 13.41
392274.13 287766.42 15.22
392274.13 287676.42 17.96
392274.13 287586.42 22.99
392274.13 287496.42 26.09
392274.13 287406.42 22.76
392274.13 287316.42 21.13
392274.13 287226.42 21.67
392274.13 287136.42 22.40
392274.13 287046.42 23.37
392274.13 286956.42 26.52
392274.13 286866.42 29.31
392274.13 286776.42 29.06
392274.13 286686.42 25.58
392274.13 286596.42 17.96
392274.13 286506.42 16.40
392274.13 286416.42 22.38
392274.13 286326.42 24.37
392274.13 286236.42 23.87
392274.13 286146.42 24.57
392274.13 286056.42 25.98
392274.13 285966.42 23.15
392274.13 285876.42 22.07
392274.13 285786.42 21.13
392274.13 285696.42 22.72
392274.13 285606.42 18.22
392274.13 285516.42 15.95
392274.13 285426.42 16.90
392274.13 285336.42 16.30
392274.13 285246.42 18.28
392274.13 285156.42 17.78
392274.13 285066.42 16.00
392274.13 284976.42 12.12
392274.13 284886.42 10.63
392274.13 284796.42 8.58
392274.13 284706.42 2.79
392274.13 284616.42 4.79
392274.13 284526.42 4.91
392274.13 284436.42 4.95
392274.13 284346.42 4.17
392274.13 284256.42 4.48
392274.13 284166.42 5.20
392274.13 284076.42 4.67
392274.13 283986.42 4.84
392274.13 283896.42 5.75
392274.13 283806.42 5.17
392364.13 289656.42 34.20
392364.13 289566.42 23.01
392364.13 289476.42 20.34
392364.13 289386.42 28.37
392364.13 289296.42 42.50
392364.13 289206.42 49.15
392364.13 289116.42 50.28
392364.13 289026.42 44.05
392364.13 288936.42 31.73
392364.13 288846.42 32.21
392364.13 288756.42 25.58
392364.13 288666.42 12.04
392364.13 288576.42 10.47
392364.13 288486.42 8.62
392364.13 288396.42 11.20
392364.13 288306.42 14.40
392364.13 288216.42 14.06
392364.13 288126.42 11.59
392364.13 288036.42 9.86
392364.13 287946.42 9.25
392364.13 287856.42 9.37
392364.13 287766.42 10.81
392364.13 287676.42 12.23
392364.13 287586.42 14.42
392364.13 287496.42 16.35
392364.13 287406.42 16.41
392364.13 287316.42 16.41
392364.13 287226.42 18.32
392364.13 287136.42 19.18
392364.13 287046.42 20.83
392364.13 286956.42 23.00
392364.13 286866.42 24.58
392364.13 286776.42 24.77
392364.13 286686.42 22.35
392364.13 286596.42 18.65
392364.13 286506.42 15.35
392364.13 286416.42 15.88
392364.13 286326.42 17.39
392364.13 286236.42 17.25
392364.13 286146.42 19.06
392364.13 286056.42 20.33
392364.13 285966.42 19.27
392364.13 285876.42 17.41
392364.13 285786.42 16.01
392364.13 285696.42 15.57
392364.13 285606.42 13.98
392364.13 285516.42 12.41
392364.13 285426.42 12.32
392364.13 285336.42 13.16
392364.13 285246.42 17.59
392364.13 285156.42 18.71
392364.13 285066.42 18.95
392364.13 284976.42 17.50
392364.13 284886.42 16.51
392364.13 284796.42 15.40
392364.13 284706.42 8.68
392364.13 284616.42 8.58
392364.13 284526.42 4.37
392364.13 284436.42 4.54
392364.13 284346.42 4.42
392364.13 284256.42 6.44
392364.13 284166.42 3.51
392364.13 284076.42 2.72
392364.13 283986.42 4.41
392364.13 283896.42 8.37
392364.13 283806.42 7.69
392364.13 283716.42 3.81
392454.13 289746.42 4.76
392454.13 289656.42 7.79
392454.13 289566.42 7.29
392454.13 289476.42 4.82
392454.13 289386.42 20.90
392454.13 289296.42 27.22
392454.13 289206.42 29.25
392454.13 289116.42 27.56
392454.13 289026.42 26.57
392454.13 288936.42 24.99
392454.13 288846.42 40.64
392454.13 288756.42 26.83
392454.13 288666.42 11.47
392454.13 288576.42 5.86
392454.13 288486.42 6.42
392454.13 288396.42 10.96
392454.13 288306.42 18.01
392454.13 288216.42 19.25
392454.13 288126.42 15.50
392454.13 288036.42 11.82
392454.13 287946.42 8.82
392454.13 287856.42 6.66
392454.13 287766.42 7.93
392454.13 287676.42 10.28
392454.13 287586.42 10.52
392454.13 287496.42 10.98
392454.13 287406.42 11.54
392454.13 287316.42 12.28
392454.13 287226.42 13.82
392454.13 287136.42 15.85
392454.13 287046.42 17.37
392454.13 286956.42 18.38
392454.13 286866.42 17.19
392454.13 286776.42 19.13
392454.13 286686.42 18.06
392454.13 286596.42 16.70
392454.13 286506.42 16.26
392454.13 286416.42 11.16
392454.13 286326.42 10.76
392454.13 286236.42 10.96
392454.13 286146.42 12.86
392454.13 286056.42 12.28
392454.13 285966.42 13.26
392454.13 285876.42 12.82
392454.13 285786.42 11.53
392454.13 285696.42 9.86
392454.13 285606.42 9.07
392454.13 285516.42 8.26
392454.13 285426.42 8.06
392454.13 285336.42 11.40
392454.13 285246.42 20.03
392454.13 285156.42 23.31
392454.13 285066.42 24.42
392454.13 284976.42 23.60
392454.13 284886.42 23.60
392454.13 284796.42 24.55
392454.13 284706.42 23.42
392454.13 284616.42 18.61
392454.13 284526.42 4.35
392454.13 284436.42 4.38
392454.13 284346.42 4.47
392454.13 284256.42 10.15
392454.13 284166.42 1.59
392454.13 284076.42 2.43
392454.13 283986.42 3.44
392454.13 283896.42 4.49
392454.13 283806.42 7.18
392544.13 289836.42 3.59
392544.13 289746.42 3.90
392544.13 289656.42 3.86
392544.13 289566.42 4.39
392544.13 289476.42 3.45
392544.13 289386.42 5.78
392544.13 289296.42 14.88
392544.13 289206.42 13.24
392544.13 289116.42 11.99
392544.13 289026.42 12.57
392544.13 288936.42 16.60
392544.13 288846.42 19.61
392544.13 288756.42 22.17
392544.13 288666.42 11.58
392544.13 288576.42 5.16
392544.13 288486.42 4.97
392544.13 288396.42 6.96
392544.13 288306.42 10.56
392544.13 288216.42 16.62
392544.13 288126.42 19.67
392544.13 288036.42 15.91
392544.13 287946.42 8.35
392544.13 287856.42 5.68
392544.13 287766.42 6.68
392544.13 287676.42 7.13
392544.13 287586.42 8.12
392544.13 287496.42 8.67
392544.13 287406.42 9.46
392544.13 287316.42 10.56
392544.13 287226.42 11.92
392544.13 287136.42 14.04
392544.13 287046.42 15.96
392544.13 286956.42 16.56
392544.13 286866.42 14.88
392544.13 286776.42 15.13
392544.13 286686.42 17.00
392544.13 286596.42 14.76
392544.13 286506.42 14.67
392544.13 286416.42 11.22
392544.13 286326.42 9.02
392544.13 286236.42 8.06
392544.13 286146.42 8.65
392544.13 286056.42 9.62
392544.13 285966.42 10.38
392544.13 285876.42 9.59
392544.13 285786.42 9.18
392544.13 285696.42 7.52
392544.13 285606.42 7.05
392544.13 285516.42 6.21
392544.13 285426.42 6.10
392544.13 285336.42 9.40
392544.13 285246.42 15.17
392544.13 285156.42 15.95
392544.13 285066.42 18.69
392544.13 284976.42 19.80
392544.13 284886.42 22.23
392544.13 284796.42 24.19
392544.13 284706.42 23.91
392544.13 284616.42 17.28
392544.13 284526.42 4.61
392544.13 284436.42 4.10
392544.13 284346.42 4.06
392544.13 284256.42 5.96
392544.13 284076.42 2.26
392544.13 283986.42 3.26
392544.13 283896.42 2.98
392544.13 283806.42 3.21
392634.13 289926.42 3.71
392634.13 289836.42 2.87
392634.13 289746.42 3.41
392634.13 289656.42 4.22
392634.13 289566.42 4.31
392634.13 289476.42 4.55
392634.13 289386.42 5.88
392634.13 289296.42 7.24
392634.13 289206.42 5.04
392634.13 289116.42 3.97
392634.13 289026.42 5.23
392634.13 288936.42 7.34
392634.13 288846.42 7.44
392634.13 288756.42 8.64
392634.13 288666.42 8.83
392634.13 288576.42 5.02
392634.13 288486.42 4.58
392634.13 288396.42 5.38
392634.13 288306.42 5.94
392634.13 288216.42 7.06
392634.13 288126.42 12.70
392634.13 288036.42 14.34
392634.13 287946.42 8.14
392634.13 287856.42 4.68
392634.13 287766.42 5.07
392634.13 287676.42 5.57
392634.13 287586.42 6.31
392634.13 287496.42 6.55
392634.13 287406.42 7.88
392634.13 287316.42 9.24
392634.13 287226.42 10.37
392634.13 287136.42 12.78
392634.13 287046.42 15.23
392634.13 286956.42 16.09
392634.13 286866.42 13.06
392634.13 286776.42 12.55
392634.13 286686.42 16.31
392634.13 286596.42 13.25
392634.13 286506.42 12.04
392634.13 286416.42 10.26
392634.13 286326.42 7.52
392634.13 286236.42 6.40
392634.13 286146.42 6.56
392634.13 286056.42 8.38
392634.13 285966.42 7.66
392634.13 285876.42 6.90
392634.13 285786.42 6.56
392634.13 285696.42 5.03
392634.13 285606.42 4.04
392634.13 285516.42 3.38
392634.13 285426.42 3.77
392634.13 285336.42 6.20
392634.13 285246.42 6.39
392634.13 285156.42 5.93
392634.13 285066.42 6.25
392634.13 284976.42 9.43
392634.13 284886.42 15.02
392634.13 284796.42 18.14
392634.13 284706.42 17.42
392634.13 284616.42 6.22
392634.13 284526.42 3.64
392634.13 284436.42 4.11
392634.13 284256.42 3.55
392634.13 284076.42 1.21
392634.13 283986.42 3.01
392634.13 283896.42 3.52
392634.13 283806.42 4.60
392724.13 289926.42 1.31
392724.13 289836.42 0.40
392724.13 289746.42 1.93
392724.13 289656.42 3.64
392724.13 289566.42 3.77
392724.13 289476.42 4.57
392724.13 289386.42 5.64
392724.13 289296.42 5.60
392724.13 289206.42 5.10
392724.13 289116.42 3.15
392724.13 289026.42 2.49
392724.13 288936.42 3.14
392724.13 288846.42 3.29
392724.13 288756.42 5.32
392724.13 288666.42 6.61
392724.13 288576.42 4.21
392724.13 288486.42 4.32
392724.13 288396.42 4.31
392724.13 288306.42 3.71
392724.13 288216.42 3.59
392724.13 288126.42 5.90
392724.13 288036.42 7.23
392724.13 287946.42 6.64
392724.13 287856.42 4.17
392724.13 287766.42 4.68
392724.13 287676.42 5.10
392724.13 287586.42 5.59
392724.13 287496.42 5.69
392724.13 287406.42 6.84
392724.13 287316.42 7.68
392724.13 287226.42 8.63
392724.13 287136.42 11.80
392724.13 287046.42 14.28
392724.13 286956.42 14.78
392724.13 286866.42 12.24
392724.13 286776.42 11.02
392724.13 286686.42 13.60
392724.13 286596.42 12.61
392724.13 286506.42 10.40
392724.13 286416.42 8.91
392724.13 286326.42 6.76
392724.13 286236.42 5.60
392724.13 286146.42 5.22
392724.13 286056.42 6.88
392724.13 285966.42 5.43
392724.13 285876.42 4.85
392724.13 285786.42 4.52
392724.13 285696.42 2.52
392724.13 285606.42 1.63
392724.13 285516.42 1.11
392724.13 285426.42 2.15
392724.13 285336.42 4.91
392724.13 285246.42 5.47
392724.13 285156.42 5.40
392724.13 285066.42 5.63
392724.13 284976.42 5.38
392724.13 284886.42 5.20
392724.13 284796.42 5.27
392724.13 284706.42 4.91
392724.13 284616.42 3.14
392724.13 284526.42 2.55
392724.13 284256.42 3.55
392724.13 284076.42 1.11
392724.13 283986.42 1.97
392724.13 283896.42 3.71
392814.13 289926.42 4.30
392814.13 289836.42 1.96
392814.13 289746.42 2.06
392814.13 289656.42 0.74
392814.13 289566.42 0.64
392814.13 289476.42 2.63
392814.13 289386.42 3.63
392814.13 289296.42 5.42
392814.13 289206.42 5.52
392814.13 289116.42 4.69
392814.13 289026.42 3.32
392814.13 288936.42 3.05
392814.13 288846.42 2.53
392814.13 288756.42 2.94
392814.13 288666.42 2.90
392814.13 288576.42 3.38
392814.13 288486.42 3.46
392814.13 288396.42 3.38
392814.13 288306.42 2.88
392814.13 288216.42 2.98
392814.13 288126.42 3.73
392814.13 288036.42 4.69
392814.13 287946.42 4.54
392814.13 287856.42 3.73
392814.13 287766.42 3.90
392814.13 287676.42 3.94
392814.13 287586.42 4.10
392814.13 287496.42 4.50
392814.13 287406.42 5.49
392814.13 287316.42 6.24
392814.13 287226.42 7.26
392814.13 287136.42 10.90
392814.13 287046.42 12.89
392814.13 286956.42 12.96
392814.13 286866.42 12.44
392814.13 286776.42 9.36
392814.13 286686.42 10.33
392814.13 286596.42 11.40
392814.13 286506.42 9.20
392814.13 286416.42 7.58
392814.13 286326.42 6.67
392814.13 286236.42 4.78
392814.13 286146.42 4.11
392814.13 286056.42 4.61
392814.13 285966.42 4.26
392814.13 285876.42 3.04
392814.13 285786.42 2.89
392814.13 285696.42 2.54
392814.13 285606.42 1.65
392814.13 285516.42 1.08
392814.13 285426.42 2.14
392814.13 285336.42 4.74
392814.13 285246.42 5.09
392814.13 285156.42 5.09
392814.13 285066.42 5.14
392814.13 284976.42 5.07
392814.13 284886.42 4.93
392814.13 284796.42 4.92
392814.13 284706.42 4.65
392814.13 284616.42 1.89
392814.13 284526.42 2.55
392814.13 283986.42 1.88
392904.13 289926.42 5.93
392904.13 289836.42 5.15
392904.13 289746.42 5.22
392904.13 289656.42 2.29
392904.13 289566.42 2.07
392904.13 289476.42 1.73
392904.13 289386.42 0.67
392904.13 289296.42 3.09
392904.13 289206.42 3.53
392904.13 289116.42 3.95
392904.13 289026.42 3.88
392904.13 288936.42 2.64
392904.13 288846.42 2.19
392904.13 288756.42 1.99
392904.13 288666.42 2.42
392904.13 288576.42 2.84
392904.13 288486.42 2.82
392904.13 288396.42 2.43
392904.13 288306.42 2.51
392904.13 288216.42 2.46
392904.13 288126.42 3.28
392904.13 288036.42 4.15
392904.13 287946.42 4.36
392904.13 287856.42 2.86
392904.13 287766.42 3.37
392904.13 287676.42 3.50
392904.13 287586.42 3.63
392904.13 287496.42 3.80
392904.13 287406.42 4.34
392904.13 287316.42 4.95
392904.13 287226.42 6.12
392904.13 287136.42 10.27
392904.13 287046.42 11.27
392904.13 286956.42 12.19
392904.13 286866.42 11.62
392904.13 286776.42 8.48
392904.13 286686.42 7.46
392904.13 286596.42 8.48
392904.13 286506.42 7.68
392904.13 286416.42 5.73
392904.13 286326.42 6.16
392904.13 286236.42 4.10
392904.13 286146.42 3.57
392904.13 286056.42 3.75
392904.13 285966.42 3.88
392904.13 285876.42 0.98
392904.13 285786.42 2.91
392904.13 285336.42 4.48
392904.13 285246.42 4.74
392904.13 285156.42 4.77
392904.13 285066.42 4.69
392904.13 284976.42 4.73
392904.13 284886.42 4.63
392904.13 284796.42 4.71
392904.13 284706.42 4.62
392904.13 284616.42 1.85
392994.13 289926.42 5.68
392994.13 289836.42 4.59
392994.13 289746.42 3.74
392994.13 289656.42 4.10
392994.13 289566.42 5.76
392994.13 289476.42 5.28
392994.13 289386.42 2.86
392994.13 289296.42 1.64
392994.13 289206.42 0.49
392994.13 289116.42 0.24
392994.13 289026.42 0.22
392994.13 288936.42 0.19
392994.13 288846.42 0.36
392994.13 288756.42 0.39
392994.13 288666.42 1.70
392994.13 288576.42 2.79
392994.13 288486.42 2.59
392994.13 288396.42 2.40
392994.13 288306.42 2.20
392994.13 288216.42 2.26
392994.13 288126.42 2.64
392994.13 288036.42 3.47
392994.13 287946.42 5.51
392994.13 287856.42 2.72
392994.13 287766.42 5.05
392994.13 287676.42 5.50
392994.13 287586.42 4.43
392994.13 287496.42 3.82
392994.13 287406.42 3.78
392994.13 287316.42 3.88
392994.13 287226.42 5.16
392994.13 287136.42 9.54
392994.13 287046.42 10.68
392994.13 286956.42 12.69
392994.13 286866.42 11.70
392994.13 286776.42 8.91
392994.13 286686.42 6.75
392994.13 286596.42 7.33
392994.13 286506.42 5.80
392994.13 286416.42 4.59
392994.13 286326.42 3.92
392994.13 286236.42 3.34
392994.13 286146.42 3.02
392994.13 286056.42 2.94
392994.13 285966.42 3.97
392994.13 285876.42 0.86
392994.13 285336.42 4.18
392994.13 285246.42 4.43
392994.13 285156.42 4.31
392994.13 285066.42 4.47
392994.13 284976.42 4.51
392994.13 284886.42 4.38
392994.13 284796.42 4.46
392994.13 284706.42 4.70
393084.13 289836.42 6.74
393084.13 289746.42 5.52
393084.13 289656.42 5.47
393084.13 289566.42 6.19
393084.13 289476.42 6.07
393084.13 289386.42 7.33
393084.13 289296.42 4.61
393084.13 289206.42 2.37
393084.13 289116.42 1.61
393084.13 289026.42 1.64
393084.13 288936.42 1.63
393084.13 288846.42 1.63
393084.13 288756.42 1.53
393084.13 288666.42 1.66
393084.13 288576.42 4.00
393084.13 288486.42 1.83
393084.13 288396.42 1.87
393084.13 288306.42 2.30
393084.13 288216.42 2.33
393084.13 288126.42 2.74
393084.13 288036.42 3.29
393084.13 287946.42 4.17
393084.13 287856.42 3.80
393084.13 287766.42 14.93
393084.13 287676.42 24.06
393084.13 287586.42 21.92
393084.13 287496.42 17.61
393084.13 287406.42 11.39
393084.13 287316.42 8.72
393084.13 287226.42 8.73
393084.13 287136.42 8.94
393084.13 287046.42 9.52
393084.13 286956.42 11.56
393084.13 286866.42 11.09
393084.13 286776.42 9.77
393084.13 286686.42 8.27
393084.13 286596.42 7.73
393084.13 286506.42 6.99
393084.13 286416.42 3.99
393084.13 286326.42 2.90
393084.13 286236.42 2.94
393084.13 286146.42 2.01
393174.13 289746.42 10.97
393174.13 289656.42 10.08
393174.13 289566.42 8.67
393174.13 289476.42 6.42
393174.13 289386.42 6.25
393174.13 289296.42 4.91
393174.13 289206.42 4.92
393174.13 289116.42 4.53
393174.13 289026.42 4.70
393174.13 288936.42 4.54
393174.13 288846.42 4.67
393174.13 288756.42 4.37
393174.13 288666.42 3.87
393174.13 288576.42 4.54
393174.13 288486.42 0.10
393174.13 288396.42 0.29
393174.13 288306.42 1.89
393174.13 288216.42 2.41
393174.13 288126.42 3.19
393174.13 288036.42 2.77
393174.13 287946.42 2.54
393174.13 287856.42 4.17
393174.13 287766.42 20.60
393174.13 287676.42 43.10
393174.13 287586.42 47.79
393174.13 287496.42 45.44
393174.13 287406.42 35.41
393174.13 287316.42 27.19
393174.13 287226.42 22.43
393174.13 287136.42 14.29
393174.13 287046.42 10.42
393174.13 286956.42 11.07
393174.13 286866.42 11.81
393174.13 286776.42 11.58
393174.13 286686.42 12.08
393174.13 286596.42 12.30
393174.13 286506.42 10.91
393174.13 286416.42 3.66
393174.13 286326.42 2.24
393174.13 286236.42 2.07
393264.13 289656.42 14.91
393264.13 289566.42 11.72
393264.13 289476.42 8.83
393264.13 289386.42 8.02
393264.13 289296.42 5.40
393264.13 289206.42 5.26
393264.13 289116.42 4.35
393264.13 289026.42 4.42
393264.13 288936.42 4.43
393264.13 288846.42 4.85
393264.13 288756.42 4.58
393264.13 288666.42 3.71
393264.13 288576.42 2.46
393264.13 288486.42 0.19
393264.13 288396.42 0.10
393264.13 288306.42 0.16
393264.13 288216.42 0.89
393264.13 288126.42 2.23
393264.13 288036.42 2.85
393264.13 287946.42 3.22
393264.13 287856.42 3.04
393264.13 287766.42 3.44
393264.13 287676.42 12.45
393264.13 287586.42 21.08
393264.13 287496.42 34.63
393264.13 287406.42 50.71
393264.13 287316.42 54.95
393264.13 287226.42 48.38
393264.13 287136.42 24.90
393264.13 287046.42 16.74
393264.13 286956.42 13.49
393264.13 286866.42 12.77
393264.13 286776.42 12.02
393264.13 286686.42 13.35
393264.13 286596.42 14.09
393264.13 286506.42 11.55
393264.13 286416.42 3.32
393264.13 286326.42 1.46
393354.13 289566.42 14.51
393354.13 289476.42 10.88
393354.13 289386.42 9.80
393354.13 289296.42 5.92
393354.13 289206.42 5.26
393354.13 289116.42 5.20
393354.13 289026.42 4.29
393354.13 288936.42 4.09
393354.13 288846.42 4.27
393354.13 288756.42 4.47
393354.13 288666.42 4.81
393354.13 288576.42 6.25
393354.13 288486.42 2.62
393354.13 288396.42 1.69
393354.13 288306.42 0.11
393354.13 288216.42 0.10
393354.13 288126.42 0.19
393354.13 288036.42 1.23
393354.13 287946.42 2.43
393354.13 287856.42 3.46
393354.13 287766.42 3.37
393354.13 287676.42 2.86
393354.13 287586.42 6.25
393354.13 287496.42 21.15
393354.13 287406.42 52.44
393354.13 287316.42 83.69
393354.13 287226.42 92.04
393354.13 287136.42 39.96
393354.13 287046.42 25.65
393354.13 286956.42 17.19
393354.13 286866.42 13.51
393354.13 286776.42 11.45
393354.13 286686.42 11.39
393354.13 286596.42 12.05
393354.13 286506.42 8.97
393354.13 286416.42 2.53
393354.13 286326.42 1.46
393444.13 289386.42 9.34
393444.13 289296.42 8.29
393444.13 289206.42 6.15
393444.13 289116.42 5.09
393444.13 289026.42 5.00
393444.13 288936.42 3.54
393444.13 288846.42 3.28
393444.13 288756.42 4.40
393444.13 288666.42 4.74
393444.13 288576.42 6.01
393444.13 288486.42 7.28
393444.13 288396.42 5.77
393444.13 288306.42 2.16
393444.13 288216.42 1.22
393444.13 288126.42 0.10
393444.13 288036.42 0.10
393444.13 287946.42 0.31
393444.13 287856.42 2.67
393444.13 287766.42 3.50
393444.13 287676.42 3.68
393444.13 287586.42 3.52
393444.13 287496.42 17.33
393444.13 287406.42 49.70
393444.13 287316.42 89.28
393444.13 287226.42 112.84
393444.13 287136.42 59.72
393444.13 287046.42 31.53
393444.13 286956.42 20.70
393444.13 286866.42 13.97
393444.13 286776.42 10.72
393444.13 286686.42 8.17
393444.13 286596.42 6.84
393444.13 286506.42 5.40
393444.13 286416.42 2.28
393534.13 289206.42 9.23
393534.13 289116.42 6.69
393534.13 289026.42 5.18
393534.13 288936.42 3.55
393534.13 288846.42 3.61
393534.13 288756.42 4.07
393534.13 288666.42 4.61
393534.13 288576.42 6.02
393534.13 288486.42 6.20
393534.13 288396.42 6.49
393534.13 288306.42 6.63
393534.13 288216.42 4.51
393534.13 288126.42 1.62
393534.13 288036.42 0.86
393534.13 287946.42 0.11
393534.13 287856.42 0.39
393534.13 287766.42 2.01
393534.13 287676.42 2.79
393534.13 287586.42 4.14
393534.13 287496.42 15.74
393534.13 287406.42 39.76
393534.13 287316.42 71.12
393534.13 287226.42 95.15
393534.13 287136.42 80.43
393534.13 287046.42 43.93
393534.13 286956.42 27.36
393534.13 286866.42 14.46
393534.13 286776.42 9.94
393534.13 286686.42 7.18
393534.13 286596.42 5.64
393534.13 286506.42 4.27
393534.13 286416.42 3.29
393534.13 286326.42 2.39
393624.13 289026.42 7.92
393624.13 288936.42 5.50
393624.13 288846.42 4.79
393624.13 288756.42 4.76
393624.13 288666.42 5.19
393624.13 288576.42 5.56
393624.13 288486.42 5.86
393624.13 288396.42 5.78
393624.13 288306.42 6.07
393624.13 288216.42 6.05
393624.13 288126.42 5.35
393624.13 288036.42 3.51
393624.13 287946.42 1.37
393624.13 287856.42 0.10
393624.13 287766.42 0.15
393624.13 287676.42 0.93
393624.13 287586.42 3.82
393624.13 287496.42 8.39
393624.13 287406.42 31.64
393624.13 287316.42 57.71
393624.13 287226.42 75.27
393624.13 287136.42 83.09
393624.13 287046.42 55.78
393624.13 286956.42 34.45
393624.13 286866.42 14.34
393624.13 286776.42 9.14
393624.13 286686.42 6.46
393624.13 286596.42 5.03
393624.13 286506.42 3.60
393624.13 286416.42 3.99
393624.13 286326.42 3.53
393624.13 286146.42 1.73
393714.13 288936.42 9.30
393714.13 288846.42 7.61
393714.13 288756.42 7.88
393714.13 288666.42 6.16
393714.13 288576.42 5.77
393714.13 288486.42 5.77
393714.13 288396.42 5.46
393714.13 288306.42 5.47
393714.13 288216.42 5.54
393714.13 288126.42 5.76
393714.13 288036.42 5.66
393714.13 287946.42 4.73
393714.13 287856.42 1.23
393714.13 287766.42 0.64
393714.13 287676.42 1.93
393714.13 287586.42 4.38
393714.13 287496.42 5.08
393714.13 287406.42 28.05
393714.13 287316.42 66.38
393714.13 287226.42 69.58
393714.13 287136.42 56.71
393714.13 287046.42 35.70
393714.13 286956.42 23.73
393714.13 286866.42 14.09
393714.13 286776.42 8.85
393714.13 286686.42 6.07
393714.13 286596.42 4.04
393714.13 286506.42 3.22
393714.13 286416.42 3.42
393714.13 286326.42 3.77
393714.13 286236.42 3.97
393714.13 286146.42 0.76
393804.13 288756.42 16.66
393804.13 288666.42 11.68
393804.13 288576.42 6.66
393804.13 288486.42 5.75
393804.13 288396.42 5.15
393804.13 288306.42 5.08
393804.13 288216.42 4.99
393804.13 288126.42 5.13
393804.13 288036.42 5.49
393804.13 287946.42 5.65
393804.13 287856.42 4.53
393804.13 287766.42 2.83
393804.13 287676.42 2.29
393804.13 287586.42 3.21
393804.13 287496.42 1.38
393804.13 287406.42 15.83
393804.13 287316.42 47.03
393804.13 287226.42 49.56
393804.13 287136.42 32.41
393804.13 287046.42 24.32
393804.13 286956.42 16.50
393804.13 286866.42 13.62
393804.13 286776.42 10.62
393804.13 286686.42 7.32
393804.13 286596.42 4.68
393804.13 286506.42 3.46
393804.13 286416.42 3.16
393804.13 286326.42 2.89
393804.13 286236.42 3.31
393894.13 288576.42 6.95
393894.13 288486.42 6.23
393894.13 288396.42 5.27
393894.13 288306.42 4.85
393894.13 288216.42 4.80
393894.13 288126.42 4.56
393894.13 288036.42 4.77
393894.13 287946.42 4.73
393894.13 287856.42 5.57
393894.13 287766.42 5.74
393894.13 287676.42 4.26
393894.13 287586.42 2.27
393894.13 287496.42 0.46
393894.13 287406.42 0.28
393894.13 287316.42 2.68
393894.13 287226.42 9.47
393894.13 287136.42 20.63
393894.13 287046.42 23.45
393894.13 286956.42 11.63
393894.13 286866.42 12.01
393894.13 286776.42 16.69
393894.13 286686.42 15.44
393894.13 286596.42 11.40
393894.13 286506.42 3.63
393894.13 286416.42 3.36
393894.13 286326.42 2.96
393894.13 286236.42 2.55
393894.13 286146.42 1.91
393984.13 288396.42 5.77
393984.13 288306.42 5.04
393984.13 288216.42 4.58
393984.13 288126.42 4.52
393984.13 288036.42 4.43
393984.13 287946.42 3.35
393984.13 287856.42 3.74
393984.13 287766.42 4.92
393984.13 287676.42 3.49
393984.13 287586.42 2.98
393984.13 287496.42 2.23
393984.13 287406.42 0.10
393984.13 287316.42 0.28
393984.13 287226.42 2.41
393984.13 287136.42 5.34
393984.13 287046.42 8.22
393984.13 286956.42 5.06
393984.13 286866.42 6.56
393984.13 286776.42 23.39
393984.13 286686.42 34.30
393984.13 286596.42 34.38
393984.13 286506.42 11.42
393984.13 286416.42 3.05
393984.13 286326.42 3.12
393984.13 286146.42 1.91
394074.13 288306.42 5.45
394074.13 288216.42 4.44
394074.13 288126.42 4.21
394074.13 288036.42 3.86
394074.13 287946.42 3.54
394074.13 287856.42 2.82
394074.13 287766.42 3.30
394074.13 287676.42 3.51
394074.13 287586.42 3.36
394074.13 287496.42 3.94
394074.13 287406.42 2.70
394074.13 287316.42 0.10
394074.13 287226.42 0.33
394074.13 287136.42 3.23
394074.13 287046.42 7.69
394074.13 286956.42 6.11
394074.13 286866.42 6.12
394074.13 286776.42 24.01
394074.13 286686.42 54.36
394074.13 286596.42 58.63
394074.13 286506.42 25.74
394074.13 286416.42 3.35
394074.13 286326.42 2.88
394164.13 288126.42 4.15
394164.13 288036.42 3.69
394164.13 287946.42 3.45
394164.13 287856.42 2.85
394164.13 287766.42 2.43
394164.13 287676.42 2.38
394164.13 287586.42 2.35
394164.13 287496.42 2.46
394164.13 287406.42 7.17
394164.13 287316.42 0.92
394164.13 287226.42 1.48
394164.13 287136.42 0.59
394164.13 287046.42 3.89
394164.13 286956.42 4.98
394164.13 286866.42 6.54
394164.13 286776.42 12.82
394164.13 286686.42 45.11
394164.13 286596.42 45.80
394164.13 286506.42 15.64
394164.13 286416.42 3.45
394164.13 286326.42 2.82
394254.13 287946.42 3.13
394254.13 287856.42 2.89
394254.13 287766.42 2.31
394254.13 287676.42 2.28
394254.13 287586.42 1.97
394254.13 287496.42 2.77
394254.13 287406.42 3.89
394254.13 287316.42 2.72
394254.13 287226.42 3.46
394254.13 287136.42 0.50
394254.13 287046.42 3.61
394254.13 286956.42 2.07
394254.13 286866.42 6.19
394254.13 286776.42 5.79
394254.13 286686.42 12.70
394254.13 286596.42 27.26
394254.13 286506.42 15.08
394254.13 286416.42 4.31
394254.13 286326.42 2.32
394254.13 286236.42 3.19
394344.13 287766.42 2.34
394344.13 287676.42 2.30
394344.13 287586.42 2.55
394344.13 287496.42 3.98
394344.13 287406.42 4.53
394344.13 287316.42 6.09
394344.13 287226.42 2.64
394344.13 286956.42 1.95
394344.13 286866.42 6.09
394344.13 286776.42 4.16
394344.13 286686.42 4.53
394344.13 286596.42 6.93
394344.13 286506.42 14.44
394344.13 286416.42 4.19
394344.13 286326.42 2.27
394434.13 287676.42 2.45
394434.13 287586.42 3.46
394434.13 287496.42 4.34
394434.13 287406.42 8.33
394434.13 287316.42 11.81
394434.13 287226.42 7.19
394434.13 286776.42 4.14
394434.13 286686.42 4.03
394434.13 286596.42 3.83
394434.13 286506.42 4.42
394434.13 286416.42 3.64
394524.13 287496.42 6.60
394524.13 287406.42 11.59
394524.13 287316.42 5.97
394524.13 287226.42 3.76
394524.13 286596.42 2.29
394524.13 286506.42 4.47
394524.13 286416.42 1.96
394614.13 287316.42 4.33
394614.13 287226.42 2.57
394614.13 287136.42 3.34
394704.13 287136.42 2.95
394704.13 287046.42 2.43
394794.13 287046.42 2.42
394794.13 286956.42 2.07
394884.13 286866.42 1.89
394884.13 286776.42 2.04
