381781.22 284704.08 100.31
381781.22 284614.08 126.74
381781.22 284524.08 152.03
381781.22 284434.08 138.32
381781.22 282274.08 365.38
381781.22 282184.08 352.02
381781.22 282094.08 368.93
381781.22 282004.08 355.93
381781.22 281914.08 351.62
381871.22 284794.08 96.85
381871.22 284704.08 123.48
381871.22 284614.08 153.68
381871.22 284524.08 177.39
381871.22 284434.08 154.90
381871.22 284344.08 117.16
381871.22 284254.08 64.93
381871.22 282544.08 445.73
381871.22 282454.08 416.23
381871.22 282364.08 391.48
381871.22 282274.08 373.24
381871.22 282184.08 363.34
381871.22 282094.08 393.67
381871.22 282004.08 383.23
381871.22 281914.08 372.88
381871.22 281824.08 363.17
381871.22 281734.08 384.34
381961.22 284884.08 84.86
381961.22 284794.08 114.64
381961.22 284704.08 149.33
381961.22 284614.08 188.63
381961.22 284524.08 213.98
381961.22 284434.08 180.39
381961.22 284344.08 143.30
381961.22 284254.08 91.34
381961.22 284164.08 71.15
381961.22 284074.08 57.49
381961.22 282814.08 357.27
381961.22 282724.08 410.65
381961.22 282634.08 456.03
381961.22 282544.08 448.82
381961.22 282454.08 420.96
381961.22 282364.08 403.26
381961.22 282274.08 392.65
381961.22 282184.08 384.73
381961.22 282094.08 417.40
381961.22 282004.08 415.75
381961.22 281914.08 406.17
381961.22 281824.08 393.77
381961.22 281734.08 393.84
381961.22 281644.08 368.42
381961.22 281554.08 330.17
382051.22 284974.08 68.37
382051.22 284884.08 97.87
382051.22 284794.08 130.24
382051.22 284704.08 176.26
382051.22 284614.08 224.40
382051.22 284524.08 251.92
382051.22 284434.08 209.31
382051.22 284344.08 171.00
382051.22 284254.08 122.19
382051.22 284164.08 101.53
382051.22 284074.08 79.68
382051.22 283984.08 87.61
382051.22 283894.08 77.52
382051.22 283084.08 294.61
382051.22 282994.08 318.75
382051.22 282904.08 342.44
382051.22 282814.08 394.28
382051.22 282724.08 422.96
382051.22 282634.08 463.48
382051.22 282544.08 463.58
382051.22 282454.08 442.26
382051.22 282364.08 429.98
382051.22 282274.08 419.09
382051.22 282184.08 418.02
382051.22 282094.08 444.87
382051.22 282004.08 458.92
382051.22 281914.08 448.49
382051.22 281824.08 425.84
382051.22 281734.08 388.98
382051.22 281644.08 347.15
382051.22 281554.08 302.60
382051.22 281464.08 274.50
382051.22 281374.08 302.92
382141.22 284974.08 74.22
382141.22 284884.08 100.54
382141.22 284794.08 134.27
382141.22 284704.08 179.69
382141.22 284614.08 232.18
382141.22 284524.08 273.75
382141.22 284434.08 245.00
382141.22 284344.08 209.29
382141.22 284254.08 152.71
382141.22 284164.08 124.56
382141.22 284074.08 102.71
382141.22 283984.08 117.17
382141.22 283894.08 97.03
382141.22 283804.08 80.53
382141.22 283714.08 94.25
382141.22 283354.08 221.26
382141.22 283264.08 255.68
382141.22 283174.08 292.03
382141.22 283084.08 330.93
382141.22 282994.08 365.73
382141.22 282904.08 387.27
382141.22 282814.08 427.85
382141.22 282724.08 458.41
382141.22 282634.08 491.31
382141.22 282544.08 495.70
382141.22 282454.08 476.40
382141.22 282364.08 465.79
382141.22 282274.08 455.37
382141.22 282184.08 442.75
382141.22 282094.08 472.40
382141.22 282004.08 487.30
382141.22 281914.08 455.27
382141.22 281824.08 418.19
382141.22 281734.08 373.11
382141.22 281644.08 331.09
382141.22 281554.08 289.19
382141.22 281464.08 258.85
382141.22 281374.08 245.25
382141.22 281284.08 254.79
382141.22 281194.08 243.07
382231.22 284974.08 79.61
382231.22 284884.08 103.65
382231.22 284794.08 136.95
382231.22 284704.08 184.31
382231.22 284614.08 238.81
382231.22 284524.08 283.75
382231.22 284434.08 251.16
382231.22 284344.08 215.56
382231.22 284254.08 153.53
382231.22 284164.08 129.33
382231.22 284074.08 125.33
382231.22 283984.08 130.75
382231.22 283894.08 109.01
382231.22 283804.08 91.68
382231.22 283714.08 95.78
382231.22 283624.08 124.69
382231.22 283534.08 174.41
382231.22 283444.08 209.16
382231.22 283354.08 248.57
382231.22 283264.08 283.00
382231.22 283174.08 320.44
382231.22 283084.08 353.69
382231.22 282994.08 388.76
382231.22 282904.08 421.15
382231.22 282814.08 467.40
382231.22 282724.08 495.15
382231.22 282634.08 528.84
382231.22 282544.08 533.20
382231.22 282454.08 515.63
382231.22 282364.08 507.19
382231.22 282274.08 493.69
382231.22 282184.08 467.92
382231.22 282094.08 501.14
382231.22 282004.08 477.35
382231.22 281914.08 430.10
382231.22 281824.08 390.06
382231.22 281734.08 350.07
382231.22 281644.08 311.86
382231.22 281554.08 275.34
382231.22 281464.08 249.31
382231.22 281374.08 208.18
382231.22 281284.08 200.05
382231.22 281194.08 198.11
382231.22 281104.08 174.27
382321.22 284974.08 82.74
382321.22 284884.08 108.44
382321.22 284794.08 143.14
382321.22 284704.08 187.31
382321.22 284614.08 232.65
382321.22 284524.08 266.89
382321.22 284434.08 243.81
382321.22 284344.08 214.37
382321.22 284254.08 177.69
382321.22 284164.08 172.36
382321.22 284074.08 183.18
382321.22 283984.08 178.91
382321.22 283894.08 158.99
382321.22 283804.08 133.29
382321.22 283714.08 110.46
382321.22 283624.08 128.72
382321.22 283534.08 180.62
382321.22 283444.08 207.10
382321.22 283354.08 231.50
382321.22 283264.08 256.74
382321.22 283174.08 285.15
382321.22 283084.08 314.17
382321.22 282994.08 351.79
382321.22 282904.08 386.51
382321.22 282814.08 450.03
382321.22 282724.08 467.45
382321.22 282634.08 478.26
382321.22 282544.08 500.24
382321.22 282454.08 483.18
382321.22 282364.08 498.24
382321.22 282274.08 491.33
382321.22 282184.08 478.77
382321.22 282094.08 484.80
382321.22 282004.08 464.32
382321.22 281914.08 435.93
382321.22 281824.08 400.04
382321.22 281734.08 364.36
382321.22 281644.08 356.68
382321.22 281554.08 345.59
382321.22 281464.08 296.98
382321.22 281374.08 219.12
382321.22 281284.08 190.21
382321.22 281194.08 173.96
382321.22 281104.08 164.70
382321.22 281014.08 169.98
382321.22 280924.08 170.82
382411.22 284974.08 86.09
382411.22 284884.08 111.40
382411.22 284794.08 141.11
382411.22 284704.08 177.20
382411.22 284614.08 222.67
382411.22 284524.08 269.49
382411.22 284434.08 247.06
382411.22 284344.08 220.22
382411.22 284254.08 214.41
382411.22 284164.08 216.26
382411.22 284074.08 235.37
382411.22 283984.08 225.30
382411.22 283894.08 206.30
382411.22 283804.08 166.12
382411.22 283714.08 130.50
382411.22 283624.08 129.96
382411.22 283534.08 170.44
382411.22 283444.08 192.07
382411.22 283354.08 219.71
382411.22 283264.08 246.80
382411.22 283174.08 271.16
382411.22 283084.08 292.79
382411.22 282994.08 321.49
382411.22 282904.08 348.70
382411.22 282814.08 420.32
382411.22 282724.08 415.25
382411.22 282634.08 434.73
382411.22 282544.08 447.81
382411.22 282454.08 435.09
382411.22 282364.08 462.65
382411.22 282274.08 445.76
382411.22 282184.08 466.41
382411.22 282094.08 456.94
382411.22 282004.08 441.89
382411.22 281914.08 424.79
382411.22 281824.08 397.29
382411.22 281734.08 373.60
382411.22 281644.08 370.35
382411.22 281554.08 363.02
382411.22 281464.08 310.77
382411.22 281374.08 234.24
382411.22 281284.08 207.29
382411.22 281194.08 199.95
382411.22 281104.08 197.20
382411.22 281014.08 204.13
382411.22 280924.08 206.26
382411.22 280834.08 201.08
382411.22 280744.08 166.77
382411.22 277864.08 2.76
382501.22 284974.08 88.70
382501.22 284884.08 111.39
382501.22 284794.08 138.42
382501.22 284704.08 170.03
382501.22 284614.08 214.23
382501.22 284524.08 266.29
382501.22 284434.08 255.84
382501.22 284344.08 238.90
382501.22 284254.08 256.24
382501.22 284164.08 245.48
382501.22 284074.08 267.55
382501.22 283984.08 267.75
382501.22 283894.08 243.71
382501.22 283804.08 188.23
382501.22 283714.08 152.37
382501.22 283624.08 133.57
382501.22 283534.08 168.60
382501.22 283444.08 189.38
382501.22 283354.08 214.84
382501.22 283264.08 241.59
382501.22 283174.08 266.23
382501.22 283084.08 287.07
382501.22 282994.08 309.01
382501.22 282904.08 333.98
382501.22 282814.08 376.02
382501.22 282724.08 369.44
382501.22 282634.08 403.72
382501.22 282544.08 398.69
382501.22 282454.08 408.34
382501.22 282364.08 415.20
382501.22 282274.08 390.42
382501.22 282184.08 416.13
382501.22 282094.08 430.36
382501.22 282004.08 412.15
382501.22 281914.08 399.29
382501.22 281824.08 381.25
382501.22 281734.08 368.15
382501.22 281644.08 355.54
382501.22 281554.08 360.84
382501.22 281464.08 322.06
382501.22 281374.08 257.25
382501.22 281284.08 241.55
382501.22 281194.08 245.17
382501.22 281104.08 241.76
382501.22 281014.08 216.70
382501.22 280924.08 186.23
382501.22 280834.08 176.60
382501.22 280744.08 165.06
382501.22 280654.08 114.18
382501.22 280564.08 85.18
382501.22 277864.08 2.80
382591.22 284884.08 121.57
382591.22 284794.08 146.90
382591.22 284704.08 179.80
382591.22 284614.08 212.82
382591.22 284524.08 250.17
382591.22 284434.08 265.47
382591.22 284344.08 262.83
382591.22 284254.08 280.87
382591.22 284164.08 267.10
382591.22 284074.08 286.53
382591.22 283984.08 276.75
382591.22 283894.08 253.80
382591.22 283804.08 212.09
382591.22 283714.08 174.59
382591.22 283624.08 147.67
382591.22 283534.08 178.24
382591.22 283444.08 197.27
382591.22 283354.08 220.23
382591.22 283264.08 251.40
382591.22 283174.08 275.63
382591.22 283084.08 289.94
382591.22 282994.08 305.05
382591.22 282904.08 321.74
382591.22 282814.08 329.48
382591.22 282724.08 344.36
382591.22 282634.08 377.70
382591.22 282544.08 362.40
382591.22 282454.08 382.54
382591.22 282364.08 367.28
382591.22 282274.08 342.78
382591.22 282184.08 377.58
382591.22 282094.08 418.02
382591.22 282004.08 398.34
382591.22 281914.08 365.72
382591.22 281824.08 358.83
382591.22 281734.08 350.68
382591.22 281644.08 336.77
382591.22 281554.08 364.06
382591.22 281464.08 343.90
382591.22 281374.08 280.07
382591.22 281284.08 265.82
382591.22 281194.08 263.72
382591.22 281104.08 245.55
382591.22 281014.08 204.70
382591.22 280924.08 164.59
382591.22 280834.08 140.57
382591.22 280744.08 133.15
382591.22 280654.08 98.61
382591.22 280564.08 79.30
382591.22 280474.08 73.57
382591.22 280384.08 74.33
382681.22 284884.08 126.05
382681.22 284794.08 152.96
382681.22 284704.08 192.29
382681.22 284614.08 230.68
382681.22 284524.08 259.32
382681.22 284434.08 277.25
382681.22 284344.08 282.94
382681.22 284254.08 281.89
382681.22 284164.08 269.26
382681.22 284074.08 268.65
382681.22 283984.08 255.96
382681.22 283894.08 235.51
382681.22 283804.08 215.11
382681.22 283714.08 189.50
382681.22 283624.08 162.21
382681.22 283534.08 192.93
382681.22 283444.08 211.16
382681.22 283354.08 231.64
382681.22 283264.08 259.48
382681.22 283174.08 274.12
382681.22 283084.08 278.04
382681.22 282994.08 294.15
382681.22 282904.08 301.37
382681.22 282814.08 296.88
382681.22 282724.08 325.07
382681.22 282634.08 327.57
382681.22 282544.08 326.14
382681.22 282454.08 354.76
382681.22 282364.08 326.30
382681.22 282274.08 302.18
382681.22 282184.08 340.79
382681.22 282094.08 382.18
382681.22 282004.08 380.67
382681.22 281914.08 337.01
382681.22 281824.08 309.82
382681.22 281734.08 306.53
382681.22 281644.08 300.34
382681.22 281554.08 327.87
382681.22 281464.08 336.67
382681.22 281374.08 272.05
382681.22 281284.08 260.07
382681.22 281194.08 271.18
382681.22 281104.08 252.59
382681.22 281014.08 205.81
382681.22 280924.08 163.32
382681.22 280834.08 128.84
382681.22 280744.08 110.37
382681.22 280654.08 87.44
382681.22 280564.08 78.26
382681.22 280474.08 77.24
382681.22 280384.08 85.81
382681.22 280294.08 96.69
382681.22 280204.08 101.27
382771.22 284884.08 133.82
382771.22 284794.08 164.02
382771.22 284704.08 202.91
382771.22 284614.08 249.46
382771.22 284524.08 285.57
382771.22 284434.08 302.64
382771.22 284344.08 303.65
382771.22 284254.08 281.41
382771.22 284164.08 263.52
382771.22 284074.08 251.09
382771.22 283984.08 238.83
382771.22 283894.08 220.96
382771.22 283804.08 205.45
382771.22 283714.08 189.32
382771.22 283624.08 173.59
382771.22 283534.08 203.25
382771.22 283444.08 216.58
382771.22 283354.08 231.10
382771.22 283264.08 249.53
382771.22 283174.08 256.49
382771.22 283084.08 259.61
382771.22 282994.08 274.06
382771.22 282904.08 276.72
382771.22 282814.08 272.96
382771.22 282724.08 289.40
382771.22 282634.08 279.29
382771.22 282544.08 284.43
382771.22 282454.08 323.11
382771.22 282364.08 290.28
382771.22 282274.08 267.81
382771.22 282184.08 308.72
382771.22 282094.08 336.19
382771.22 282004.08 339.01
382771.22 281914.08 314.40
382771.22 281824.08 271.31
382771.22 281734.08 247.84
382771.22 281644.08 256.72
382771.22 281554.08 292.27
382771.22 281464.08 292.87
382771.22 281374.08 250.56
382771.22 281284.08 237.70
382771.22 281194.08 258.59
382771.22 281104.08 255.79
382771.22 281014.08 206.47
382771.22 280924.08 163.26
382771.22 280834.08 133.54
382771.22 280744.08 108.12
382771.22 280654.08 84.41
382771.22 280564.08 81.70
382771.22 280474.08 90.64
382771.22 280384.08 108.00
382771.22 280294.08 120.42
382771.22 280204.08 124.64
382771.22 280114.08 127.60
382771.22 280024.08 137.67
382861.22 284794.08 165.81
382861.22 284704.08 203.51
382861.22 284614.08 256.17
382861.22 284524.08 309.97
382861.22 284434.08 340.88
382861.22 284344.08 333.22
382861.22 284254.08 292.40
382861.22 284164.08 272.76
382861.22 284074.08 256.71
382861.22 283984.08 241.36
382861.22 283894.08 223.96
382861.22 283804.08 207.78
382861.22 283714.08 197.16
382861.22 283624.08 185.55
382861.22 283534.08 196.52
382861.22 283444.08 203.08
382861.22 283354.08 213.64
382861.22 283264.08 228.48
382861.22 283174.08 236.21
382861.22 283084.08 243.48
382861.22 282994.08 248.88
382861.22 282904.08 247.20
382861.22 282814.08 247.46
382861.22 282724.08 248.32
382861.22 282634.08 237.35
382861.22 282544.08 261.81
382861.22 282454.08 275.53
382861.22 282364.08 250.78
382861.22 282274.08 241.67
382861.22 282184.08 285.40
382861.22 282094.08 282.02
382861.22 282004.08 288.20
382861.22 281914.08 278.76
382861.22 281824.08 241.56
382861.22 281734.08 205.76
382861.22 281644.08 231.00
382861.22 281554.08 263.40
382861.22 281464.08 240.51
382861.22 281374.08 218.50
382861.22 281284.08 205.46
382861.22 281194.08 227.30
382861.22 281104.08 243.70
382861.22 281014.08 214.81
382861.22 280924.08 182.53
382861.22 280834.08 148.10
382861.22 280744.08 110.63
382861.22 280654.08 83.27
382861.22 280564.08 93.76
382861.22 280474.08 109.55
382861.22 280384.08 136.72
382861.22 280294.08 155.41
382861.22 280204.08 155.03
382861.22 280114.08 165.08
382861.22 280024.08 164.30
382861.22 279934.08 213.23
382861.22 279844.08 232.77
382861.22 278044.08 3.32
382861.22 277954.08 3.28
382861.22 277864.08 3.42
382861.22 277774.08 3.17
382861.22 277684.08 2.82
382951.22 284794.08 178.37
382951.22 284704.08 208.66
382951.22 284614.08 254.87
382951.22 284524.08 316.59
382951.22 284434.08 374.62
382951.22 284344.08 365.64
382951.22 284254.08 311.67
382951.22 284164.08 287.27
382951.22 284074.08 270.69
382951.22 283984.08 255.24
382951.22 283894.08 239.49
382951.22 283804.08 225.44
382951.22 283714.08 214.46
382951.22 283624.08 203.22
382951.22 283534.08 198.41
382951.22 283444.08 202.54
382951.22 283354.08 212.04
382951.22 283264.08 217.79
382951.22 283174.08 226.03
382951.22 283084.08 228.08
382951.22 282994.08 224.63
382951.22 282904.08 217.26
382951.22 282814.08 215.42
382951.22 282724.08 211.30
382951.22 282634.08 211.85
382951.22 282544.08 230.09
382951.22 282454.08 228.49
382951.22 282364.08 216.09
382951.22 282274.08 220.47
382951.22 282184.08 249.38
382951.22 282094.08 229.88
382951.22 282004.08 235.00
382951.22 281914.08 227.71
382951.22 281824.08 199.74
382951.22 281734.08 173.79
382951.22 281644.08 201.10
382951.22 281554.08 222.63
382951.22 281464.08 195.79
382951.22 281374.08 183.78
382951.22 281284.08 172.71
382951.22 281194.08 198.66
382951.22 281104.08 221.41
382951.22 281014.08 206.37
382951.22 280924.08 178.66
382951.22 280834.08 144.22
382951.22 280744.08 112.50
382951.22 280654.08 89.72
382951.22 280564.08 99.84
382951.22 280474.08 122.20
382951.22 280384.08 151.27
382951.22 280294.08 188.23
382951.22 280204.08 197.74
382951.22 280114.08 205.40
382951.22 280024.08 200.97
382951.22 279934.08 224.64
382951.22 279844.08 212.61
382951.22 279754.08 181.73
382951.22 279664.08 144.15
382951.22 278044.08 3.69
382951.22 277954.08 12.07
382951.22 277864.08 26.56
382951.22 277774.08 3.83
382951.22 277684.08 4.99
382951.22 277594.08 18.90
382951.22 277504.08 5.47
382951.22 277414.08 4.99
382951.22 277324.08 4.95
382951.22 277234.08 4.87
382951.22 277144.08 4.16
382951.22 277054.08 3.46
382951.22 276964.08 3.67
382951.22 276874.08 3.14
382951.22 276784.08 2.64
383041.22 284794.08 199.11
383041.22 284704.08 223.10
383041.22 284614.08 261.78
383041.22 284524.08 312.16
383041.22 284434.08 369.11
383041.22 284344.08 398.25
383041.22 284254.08 360.46
383041.22 284164.08 333.47
383041.22 284074.08 314.63
383041.22 283984.08 292.02
383041.22 283894.08 266.12
383041.22 283804.08 249.21
383041.22 283714.08 242.79
383041.22 283624.08 230.09
383041.22 283534.08 226.95
383041.22 283444.08 223.63
383041.22 283354.08 228.64
383041.22 283264.08 231.06
383041.22 283174.08 232.11
383041.22 283084.08 227.48
383041.22 282994.08 216.47
383041.22 282904.08 204.52
383041.22 282814.08 207.72
383041.22 282724.08 179.21
383041.22 282634.08 157.11
383041.22 282544.08 158.79
383041.22 282454.08 159.84
383041.22 282364.08 158.13
383041.22 282274.08 163.28
383041.22 282184.08 171.80
383041.22 282094.08 164.21
383041.22 282004.08 163.77
383041.22 281914.08 154.82
383041.22 281824.08 140.14
383041.22 281734.08 130.56
383041.22 281644.08 142.44
383041.22 281554.08 146.83
383041.22 281464.08 139.26
383041.22 281374.08 131.09
383041.22 281284.08 125.46
383041.22 281194.08 139.71
383041.22 281104.08 150.03
383041.22 281014.08 143.24
383041.22 280924.08 133.14
383041.22 280834.08 120.65
383041.22 280744.08 122.18
383041.22 280654.08 118.67
383041.22 280564.08 117.19
383041.22 280474.08 132.38
383041.22 280384.08 157.97
383041.22 280294.08 178.60
383041.22 280204.08 185.83
383041.22 280114.08 195.28
383041.22 280024.08 188.98
383041.22 279934.08 181.56
383041.22 279844.08 166.15
383041.22 279754.08 139.26
383041.22 279664.08 122.29
383041.22 279574.08 96.45
383041.22 279484.08 86.83
383041.22 278224.08 11.84
383041.22 278134.08 9.80
383041.22 278044.08 9.70
383041.22 277954.08 13.68
383041.22 277864.08 28.05
383041.22 277774.08 62.00
383041.22 277684.08 74.24
383041.22 277594.08 66.76
383041.22 277504.08 45.50
383041.22 277414.08 34.46
383041.22 277324.08 22.34
383041.22 277234.08 22.01
383041.22 277144.08 38.51
383041.22 277054.08 31.01
383041.22 276964.08 31.73
383041.22 276874.08 3.57
383041.22 276784.08 3.08
383041.22 276694.08 3.06
383041.22 274354.08 3.61
383131.22 284704.08 227.31
383131.22 284614.08 262.71
383131.22 284524.08 309.06
383131.22 284434.08 365.82
383131.22 284344.08 412.87
383131.22 284254.08 401.08
383131.22 284164.08 377.75
383131.22 284074.08 350.50
383131.22 283984.08 318.54
383131.22 283894.08 289.79
383131.22 283804.08 270.22
383131.22 283714.08 265.36
383131.22 283624.08 248.64
383131.22 283534.08 243.35
383131.22 283444.08 238.85
383131.22 283354.08 244.30
383131.22 283264.08 248.88
383131.22 283174.08 246.26
383131.22 283084.08 239.24
383131.22 282994.08 221.80
383131.22 282904.08 208.73
383131.22 282814.08 218.76
383131.22 282724.08 187.73
383131.22 282634.08 154.90
383131.22 282544.08 124.90
383131.22 282454.08 118.77
383131.22 282364.08 125.17
383131.22 282274.08 126.51
383131.22 282184.08 125.65
383131.22 282094.08 127.92
383131.22 282004.08 123.88
383131.22 281914.08 115.22
383131.22 281824.08 106.25
383131.22 281734.08 101.87
383131.22 281644.08 98.42
383131.22 281554.08 98.25
383131.22 281464.08 96.04
383131.22 281374.08 94.41
383131.22 281284.08 92.39
383131.22 281194.08 98.09
383131.22 281104.08 100.46
383131.22 281014.08 97.75
383131.22 280924.08 108.86
383131.22 280834.08 119.21
383131.22 280744.08 138.76
383131.22 280654.08 131.50
383131.22 280564.08 133.76
383131.22 280474.08 141.04
383131.22 280384.08 142.25
383131.22 280294.08 148.66
383131.22 280204.08 155.31
383131.22 280114.08 159.01
383131.22 280024.08 160.14
383131.22 279934.08 152.52
383131.22 279844.08 130.27
383131.22 279754.08 110.35
383131.22 279664.08 99.18
383131.22 279574.08 86.04
383131.22 279484.08 78.94
383131.22 279394.08 74.06
383131.22 279304.08 70.51
383131.22 278854.08 93.98
383131.22 278764.08 95.53
383131.22 278674.08 83.50
383131.22 278584.08 76.30
383131.22 278494.08 59.47
383131.22 278404.08 46.78
383131.22 278314.08 32.39
383131.22 278224.08 26.28
383131.22 278134.08 23.38
383131.22 278044.08 20.53
383131.22 277954.08 17.80
383131.22 277864.08 23.22
383131.22 277774.08 77.53
383131.22 277684.08 105.79
383131.22 277594.08 115.01
383131.22 277504.08 86.91
383131.22 277414.08 62.08
383131.22 277324.08 43.97
383131.22 277234.08 49.58
383131.22 277144.08 56.37
383131.22 277054.08 44.08
383131.22 276964.08 25.72
383131.22 276874.08 4.08
383131.22 276784.08 3.69
383131.22 276694.08 3.37
383131.22 276604.08 3.60
383131.22 276514.08 3.23
383221.22 284704.08 224.56
383221.22 284614.08 258.23
383221.22 284524.08 302.43
383221.22 284434.08 366.42
383221.22 284344.08 417.68
383221.22 284254.08 438.58
383221.22 284164.08 405.83
383221.22 284074.08 372.61
383221.22 283984.08 336.28
383221.22 283894.08 306.53
383221.22 283804.08 293.06
383221.22 283714.08 283.55
383221.22 283624.08 267.39
383221.22 283534.08 256.02
383221.22 283444.08 258.98
383221.22 283354.08 266.16
383221.22 283264.08 273.38
383221.22 283174.08 267.38
383221.22 283084.08 250.81
383221.22 282994.08 235.99
383221.22 282904.08 224.26
383221.22 282814.08 219.27
383221.22 282724.08 195.61
383221.22 282634.08 166.47
383221.22 282544.08 133.78
383221.22 282454.08 98.38
383221.22 282364.08 96.69
383221.22 282274.08 102.69
383221.22 282184.08 102.57
383221.22 282094.08 105.26
383221.22 282004.08 99.47
383221.22 281914.08 98.24
383221.22 281824.08 89.86
383221.22 281734.08 85.04
383221.22 281644.08 79.72
383221.22 281554.08 73.42
383221.22 281464.08 79.03
383221.22 281374.08 78.25
383221.22 281284.08 73.72
383221.22 281194.08 74.84
383221.22 281104.08 72.59
383221.22 281014.08 80.01
383221.22 280924.08 98.96
383221.22 280834.08 128.20
383221.22 280744.08 150.75
383221.22 280654.08 142.41
383221.22 280564.08 131.92
383221.22 280474.08 128.69
383221.22 280384.08 118.96
383221.22 280294.08 119.03
383221.22 280204.08 122.87
383221.22 280114.08 128.67
383221.22 280024.08 144.27
383221.22 279934.08 154.83
383221.22 279844.08 138.08
383221.22 279754.08 130.27
383221.22 279664.08 123.45
383221.22 279574.08 109.08
383221.22 279484.08 96.90
383221.22 279394.08 92.30
383221.22 279304.08 88.64
383221.22 279214.08 92.00
383221.22 279124.08 103.98
383221.22 279034.08 125.12
383221.22 278944.08 122.65
383221.22 278854.08 127.26
383221.22 278764.08 135.01
383221.22 278674.08 115.47
383221.22 278584.08 103.73
383221.22 278494.08 85.34
383221.22 278404.08 63.75
383221.22 278314.08 45.48
383221.22 278224.08 44.65
383221.22 278134.08 43.16
383221.22 278044.08 36.97
383221.22 277954.08 25.52
383221.22 277864.08 24.72
383221.22 277774.08 68.73
383221.22 277684.08 104.62
383221.22 277594.08 131.33
383221.22 277504.08 118.20
383221.22 277414.08 87.74
383221.22 277324.08 63.26
383221.22 277234.08 76.15
383221.22 277144.08 69.60
383221.22 277054.08 36.94
383221.22 276964.08 22.24
383221.22 276874.08 8.62
383221.22 276784.08 7.37
383221.22 276694.08 7.10
383221.22 276604.08 22.93
383221.22 276514.08 6.14
383221.22 276424.08 3.63
383221.22 275884.08 2.93
383221.22 275794.08 3.97
383311.22 284704.08 228.84
383311.22 284614.08 263.54
383311.22 284524.08 308.60
383311.22 284434.08 370.68
383311.22 284344.08 412.45
383311.22 284254.08 448.18
383311.22 284164.08 417.10
383311.22 284074.08 386.29
383311.22 283984.08 349.42
383311.22 283894.08 329.47
383311.22 283804.08 319.80
383311.22 283714.08 304.69
383311.22 283624.08 292.12
383311.22 283534.08 275.85
383311.22 283444.08 280.90
383311.22 283354.08 291.56
383311.22 283264.08 288.03
383311.22 283174.08 269.75
383311.22 283084.08 252.21
383311.22 282994.08 238.78
383311.22 282904.08 231.50
383311.22 282814.08 229.91
383311.22 282724.08 216.92
383311.22 282634.08 194.47
383311.22 282544.08 166.75
383311.22 282454.08 123.65
383311.22 282364.08 89.61
383311.22 282274.08 85.14
383311.22 282184.08 86.21
383311.22 282094.08 86.52
383311.22 282004.08 87.08
383311.22 281914.08 85.20
383311.22 281824.08 77.86
383311.22 281734.08 72.44
383311.22 281644.08 69.99
383311.22 281554.08 64.60
383311.22 281464.08 66.31
383311.22 281374.08 65.32
383311.22 281284.08 60.62
383311.22 281194.08 59.91
383311.22 281104.08 57.34
383311.22 281014.08 68.85
383311.22 280924.08 93.63
383311.22 280834.08 128.04
383311.22 280744.08 136.91
383311.22 280654.08 144.88
383311.22 280564.08 126.34
383311.22 280474.08 117.98
383311.22 280384.08 115.93
383311.22 280294.08 112.15
383311.22 280204.08 101.61
383311.22 280114.08 116.39
383311.22 280024.08 120.93
383311.22 279934.08 144.25
383311.22 279844.08 148.17
383311.22 279754.08 152.78
383311.22 279664.08 157.79
383311.22 279574.08 138.02
383311.22 279484.08 124.63
383311.22 279394.08 118.79
383311.22 279304.08 114.73
383311.22 279214.08 117.88
383311.22 279124.08 135.59
383311.22 279034.08 150.75
383311.22 278944.08 157.56
383311.22 278854.08 157.51
383311.22 278764.08 176.87
383311.22 278674.08 154.97
383311.22 278584.08 141.65
383311.22 278494.08 119.61
383311.22 278404.08 88.53
383311.22 278314.08 66.94
383311.22 278224.08 73.69
383311.22 278134.08 77.70
383311.22 278044.08 48.33
383311.22 277954.08 31.72
383311.22 277864.08 29.00
383311.22 277774.08 62.56
383311.22 277684.08 94.97
383311.22 277594.08 125.29
383311.22 277504.08 137.56
383311.22 277414.08 106.32
383311.22 277324.08 84.83
383311.22 277234.08 98.43
383311.22 277144.08 84.77
383311.22 277054.08 50.97
383311.22 276964.08 47.32
383311.22 276874.08 29.07
383311.22 276784.08 28.38
383311.22 276694.08 45.75
383311.22 276604.08 70.10
383311.22 276514.08 51.09
383311.22 276424.08 29.23
383311.22 276334.08 3.30
383311.22 275884.08 2.98
383311.22 275794.08 3.71
383311.22 275704.08 7.90
383311.22 275614.08 3.16
383311.22 274624.08 3.44
383401.22 284614.08 265.12
383401.22 284524.08 306.13
383401.22 284434.08 348.71
383401.22 284344.08 393.32
383401.22 284254.08 439.34
383401.22 284164.08 418.63
383401.22 284074.08 391.89
383401.22 283984.08 370.79
383401.22 283894.08 366.18
383401.22 283804.08 350.67
383401.22 283714.08 329.12
383401.22 283624.08 321.02
383401.22 283534.08 301.05
383401.22 283444.08 301.13
383401.22 283354.08 307.81
383401.22 283264.08 291.12
383401.22 283174.08 275.03
383401.22 283084.08 260.93
383401.22 282994.08 244.63
383401.22 282904.08 237.35
383401.22 282814.08 247.82
383401.22 282724.08 234.27
383401.22 282634.08 203.52
383401.22 282544.08 169.05
383401.22 282454.08 131.69
383401.22 282364.08 93.74
383401.22 282274.08 79.14
383401.22 282184.08 75.13
383401.22 282094.08 74.02
383401.22 282004.08 73.76
383401.22 281914.08 71.41
383401.22 281824.08 68.18
383401.22 281734.08 65.30
383401.22 281644.08 62.88
383401.22 281554.08 59.17
383401.22 281464.08 56.47
383401.22 281374.08 54.92
383401.22 281284.08 51.71
383401.22 281194.08 50.07
383401.22 281104.08 48.66
383401.22 281014.08 57.48
383401.22 280924.08 78.57
383401.22 280834.08 101.45
383401.22 280744.08 105.17
383401.22 280654.08 132.67
383401.22 280564.08 126.91
383401.22 280474.08 127.56
383401.22 280384.08 138.28
383401.22 280294.08 124.83
383401.22 280204.08 104.00
383401.22 280114.08 96.11
383401.22 280024.08 112.84
383401.22 279934.08 127.47
383401.22 279844.08 148.09
383401.22 279754.08 164.47
383401.22 279664.08 185.05
383401.22 279574.08 173.12
383401.22 279484.08 161.65
383401.22 279394.08 153.87
383401.22 279304.08 150.20
383401.22 279214.08 139.65
383401.22 279124.08 170.00
383401.22 279034.08 183.22
383401.22 278944.08 195.77
383401.22 278854.08 192.84
383401.22 278764.08 220.09
383401.22 278674.08 201.28
383401.22 278584.08 188.37
383401.22 278494.08 149.27
383401.22 278404.08 111.95
383401.22 278314.08 91.38
383401.22 278224.08 84.03
383401.22 278134.08 79.18
383401.22 278044.08 55.12
383401.22 277954.08 39.59
383401.22 277864.08 46.59
383401.22 277774.08 68.75
383401.22 277684.08 92.78
383401.22 277594.08 117.59
383401.22 277504.08 143.20
383401.22 277414.08 131.66
383401.22 277324.08 116.98
383401.22 277234.08 118.82
383401.22 277144.08 105.54
383401.22 277054.08 83.40
383401.22 276964.08 73.86
383401.22 276874.08 50.33
383401.22 276784.08 51.33
383401.22 276694.08 79.85
383401.22 276604.08 103.57
383401.22 276514.08 77.99
383401.22 276424.08 41.43
383401.22 276334.08 3.38
383401.22 275884.08 3.00
383401.22 275794.08 6.28
383401.22 275704.08 28.83
383401.22 275614.08 3.47
383401.22 275524.08 3.70
383401.22 275434.08 4.08
383401.22 275344.08 8.10
383491.22 284614.08 258.43
383491.22 284524.08 291.46
383491.22 284434.08 330.70
383491.22 284344.08 370.01
383491.22 284254.08 434.97
383491.22 284164.08 437.17
383491.22 284074.08 414.48
383491.22 283984.08 407.14
383491.22 283894.08 403.50
383491.22 283804.08 375.33
383491.22 283714.08 360.08
383491.22 283624.08 348.79
383491.22 283534.08 323.95
383491.22 283444.08 319.87
383491.22 283354.08 321.41
383491.22 283264.08 307.03
383491.22 283174.08 293.13
383491.22 283084.08 277.80
383491.22 282994.08 260.09
383491.22 282904.08 246.31
383491.22 282814.08 234.99
383491.22 282724.08 213.14
383491.22 282634.08 179.48
383491.22 282544.08 148.53
383491.22 282454.08 120.13
383491.22 282364.08 96.49
383491.22 282274.08 76.73
383491.22 282184.08 66.96
383491.22 282094.08 65.84
383491.22 282004.08 63.64
383491.22 281914.08 60.92
383491.22 281824.08 58.89
383491.22 281734.08 58.08
383491.22 281644.08 56.63
383491.22 281554.08 54.83
383491.22 281464.08 51.33
383491.22 281374.08 47.90
383491.22 281284.08 45.58
383491.22 281194.08 43.95
383491.22 281104.08 42.87
383491.22 281014.08 47.32
383491.22 280924.08 57.69
383491.22 280834.08 73.17
383491.22 280744.08 92.37
383491.22 280654.08 130.73
383491.22 280564.08 137.21
383491.22 280474.08 137.81
383491.22 280384.08 153.80
383491.22 280294.08 147.10
383491.22 280204.08 122.90
383491.22 280114.08 86.14
383491.22 280024.08 94.00
383491.22 279934.08 131.93
383491.22 279844.08 157.52
383491.22 279754.08 176.99
383491.22 279664.08 201.52
383491.22 279574.08 216.44
383491.22 279484.08 212.26
383491.22 279394.08 201.06
383491.22 279304.08 180.74
383491.22 279214.08 175.17
383491.22 279124.08 193.06
383491.22 279034.08 232.28
383491.22 278944.08 239.82
383491.22 278854.08 237.50
383491.22 278764.08 266.49
383491.22 278674.08 255.48
383491.22 278584.08 239.81
383491.22 278494.08 178.14
383491.22 278404.08 134.04
383491.22 278314.08 99.69
383491.22 278224.08 78.09
383491.22 278134.08 64.87
383491.22 278044.08 55.06
383491.22 277954.08 48.61
383491.22 277864.08 61.78
383491.22 277774.08 70.80
383491.22 277684.08 71.13
383491.22 277594.08 92.20
383491.22 277504.08 123.10
383491.22 277414.08 120.59
383491.22 277324.08 106.20
383491.22 277234.08 115.21
383491.22 277144.08 112.03
383491.22 277054.08 116.58
383491.22 276964.08 98.86
383491.22 276874.08 75.77
383491.22 276784.08 73.77
383491.22 276694.08 101.61
383491.22 276604.08 115.95
383491.22 276514.08 78.40
383491.22 276424.08 37.60
383491.22 276334.08 3.32
383491.22 276244.08 3.01
383491.22 275884.08 3.28
383491.22 275794.08 6.49
383491.22 275704.08 30.26
383491.22 275614.08 11.98
383491.22 275524.08 3.88
383491.22 275434.08 3.90
383491.22 275344.08 4.96
383491.22 275254.08 3.94
383491.22 274714.08 3.31
383581.22 284614.08 254.00
383581.22 284524.08 278.04
383581.22 284434.08 313.33
383581.22 284344.08 358.74
383581.22 284254.08 440.31
383581.22 284164.08 458.97
383581.22 284074.08 438.12
383581.22 283984.08 431.90
383581.22 283894.08 422.54
383581.22 283804.08 402.76
383581.22 283714.08 395.45
383581.22 283624.08 380.54
383581.22 283534.08 343.77
383581.22 283444.08 342.25
383581.22 283354.08 347.21
383581.22 283264.08 338.29
383581.22 283174.08 325.51
383581.22 283084.08 308.16
383581.22 282994.08 273.87
383581.22 282904.08 245.62
383581.22 282814.08 213.60
383581.22 282724.08 195.84
383581.22 282634.08 165.27
383581.22 282544.08 134.07
383581.22 282454.08 108.89
383581.22 282364.08 89.65
383581.22 282274.08 76.46
383581.22 282184.08 65.66
383581.22 282094.08 62.21
383581.22 282004.08 59.68
383581.22 281914.08 55.76
383581.22 281824.08 54.76
383581.22 281734.08 51.93
383581.22 281644.08 52.20
383581.22 281554.08 50.42
383581.22 281464.08 47.50
383581.22 281374.08 42.84
383581.22 281284.08 40.89
383581.22 281194.08 39.22
383581.22 281104.08 38.49
383581.22 281014.08 42.66
383581.22 280924.08 53.31
383581.22 280834.08 72.72
383581.22 280744.08 98.65
383581.22 280654.08 144.68
383581.22 280564.08 150.13
383581.22 280474.08 137.70
383581.22 280384.08 143.79
383581.22 280294.08 143.42
383581.22 280204.08 132.16
383581.22 280114.08 92.22
383581.22 280024.08 72.12
383581.22 279934.08 121.10
383581.22 279844.08 158.97
383581.22 279754.08 175.50
383581.22 279664.08 187.18
383581.22 279574.08 213.09
383581.22 279484.08 235.85
383581.22 279394.08 241.82
383581.22 279304.08 217.37
383581.22 279214.08 216.20
383581.22 279124.08 227.07
383581.22 279034.08 267.89
383581.22 278944.08 290.42
383581.22 278854.08 282.86
383581.22 278764.08 304.64
383581.22 278674.08 278.84
383581.22 278584.08 239.68
383581.22 278494.08 168.84
383581.22 278404.08 130.50
383581.22 278314.08 97.83
383581.22 278224.08 78.02
383581.22 278134.08 67.75
383581.22 278044.08 60.07
383581.22 277954.08 63.10
383581.22 277864.08 61.02
383581.22 277774.08 52.14
383581.22 277684.08 48.78
383581.22 277594.08 65.13
383581.22 277504.08 87.35
383581.22 277414.08 88.66
383581.22 277324.08 72.46
383581.22 277234.08 89.41
383581.22 277144.08 91.61
383581.22 277054.08 118.11
383581.22 276964.08 129.43
383581.22 276874.08 116.88
383581.22 276784.08 109.52
383581.22 276694.08 124.73
383581.22 276604.08 122.31
383581.22 276514.08 85.24
383581.22 276424.08 60.08
383581.22 276334.08 7.36
383581.22 276244.08 3.01
383581.22 276154.08 3.19
383581.22 276064.08 3.30
383581.22 275974.08 3.55
383581.22 275884.08 3.73
383581.22 275794.08 6.05
383581.22 275704.08 27.17
383581.22 275614.08 45.54
383581.22 275524.08 40.92
383581.22 275434.08 21.65
383581.22 275344.08 7.93
383581.22 275254.08 8.49
383581.22 275164.08 3.26
383581.22 275074.08 3.33
383671.22 284524.08 277.44
383671.22 284434.08 315.32
383671.22 284344.08 364.75
383671.22 284254.08 449.43
383671.22 284164.08 476.66
383671.22 284074.08 464.34
383671.22 283984.08 459.95
383671.22 283894.08 452.40
383671.22 283804.08 435.97
383671.22 283714.08 415.35
383671.22 283624.08 394.09
383671.22 283534.08 357.78
383671.22 283444.08 364.99
383671.22 283354.08 384.94
383671.22 283264.08 365.29
383671.22 283174.08 333.68
383671.22 283084.08 305.72
383671.22 282994.08 267.77
383671.22 282904.08 232.20
383671.22 282814.08 206.74
383671.22 282724.08 190.49
383671.22 282634.08 158.34
383671.22 282544.08 129.38
383671.22 282454.08 101.64
383671.22 282364.08 80.28
383671.22 282274.08 73.93
383671.22 282184.08 67.11
383671.22 282094.08 57.58
383671.22 282004.08 56.73
383671.22 281914.08 54.69
383671.22 281824.08 53.50
383671.22 281734.08 49.16
383671.22 281644.08 47.95
383671.22 281554.08 45.96
383671.22 281464.08 43.77
383671.22 281374.08 39.55
383671.22 281284.08 37.84
383671.22 281194.08 35.98
383671.22 281104.08 35.07
383671.22 281014.08 38.76
383671.22 280924.08 53.45
383671.22 280834.08 79.64
383671.22 280744.08 110.56
383671.22 280654.08 140.91
383671.22 280564.08 132.85
383671.22 280474.08 118.00
383671.22 280384.08 115.43
383671.22 280294.08 113.62
383671.22 280204.08 110.30
383671.22 280114.08 87.79
383671.22 280024.08 63.59
383671.22 279934.08 98.65
383671.22 279844.08 132.51
383671.22 279754.08 149.99
383671.22 279664.08 163.34
383671.22 279574.08 191.95
383671.22 279484.08 221.07
383671.22 279394.08 240.12
383671.22 279304.08 245.60
383671.22 279214.08 249.71
383671.22 279124.08 259.24
383671.22 279034.08 284.64
383671.22 278944.08 300.71
383671.22 278854.08 301.83
383671.22 278764.08 296.65
383671.22 278674.08 260.83
383671.22 278584.08 214.06
383671.22 278494.08 151.26
383671.22 278404.08 122.85
383671.22 278314.08 101.16
383671.22 278224.08 98.69
383671.22 278134.08 83.51
383671.22 278044.08 70.42
383671.22 277954.08 69.09
383671.22 277864.08 62.05
383671.22 277774.08 32.04
383671.22 277684.08 32.37
383671.22 277594.08 42.52
383671.22 277504.08 53.26
383671.22 277414.08 56.02
383671.22 277324.08 46.55
383671.22 277234.08 61.01
383671.22 277144.08 62.34
383671.22 277054.08 92.02
383671.22 276964.08 117.48
383671.22 276874.08 124.53
383671.22 276784.08 136.38
383671.22 276694.08 140.93
383671.22 276604.08 124.61
383671.22 276514.08 91.66
383671.22 276424.08 64.44
383671.22 276334.08 14.97
383671.22 276244.08 13.93
383671.22 276154.08 5.84
383671.22 276064.08 3.32
383671.22 275974.08 3.17
383671.22 275884.08 4.28
383671.22 275794.08 10.65
383671.22 275704.08 32.09
383671.22 275614.08 75.22
383671.22 275524.08 69.35
383671.22 275434.08 59.15
383671.22 275344.08 57.88
383671.22 275254.08 55.95
383671.22 275164.08 35.91
383671.22 275074.08 8.51
383671.22 274984.08 3.48
383671.22 274894.08 3.56
383761.22 284524.08 278.05
383761.22 284434.08 326.39
383761.22 284344.08 382.72
383761.22 284254.08 469.65
383761.22 284164.08 488.86
383761.22 284074.08 486.54
383761.22 283984.08 488.73
383761.22 283894.08 480.04
383761.22 283804.08 446.53
383761.22 283714.08 410.68
383761.22 283624.08 372.01
383761.22 283534.08 316.97
383761.22 283444.08 316.45
383761.22 283354.08 339.55
383761.22 283264.08 317.32
383761.22 283174.08 284.25
383761.22 283084.08 244.11
383761.22 282994.08 213.43
383761.22 282904.08 188.71
383761.22 282814.08 151.62
383761.22 282724.08 136.25
383761.22 282634.08 119.15
383761.22 282544.08 98.36
383761.22 282454.08 81.65
383761.22 282364.08 71.27
383761.22 282274.08 67.76
383761.22 282184.08 63.23
383761.22 282094.08 54.68
383761.22 282004.08 51.94
383761.22 281914.08 49.80
383761.22 281824.08 49.00
383761.22 281734.08 45.53
383761.22 281644.08 43.44
383761.22 281554.08 41.21
383761.22 281464.08 38.98
383761.22 281374.08 35.59
383761.22 281284.08 33.88
383761.22 281194.08 31.85
383761.22 281104.08 30.53
383761.22 281014.08 30.86
383761.22 280924.08 36.52
383761.22 280834.08 51.35
383761.22 280744.08 68.67
383761.22 280654.08 93.77
383761.22 280564.08 81.18
383761.22 280474.08 72.06
383761.22 280384.08 64.64
383761.22 280294.08 62.23
383761.22 280204.08 58.86
383761.22 280114.08 51.80
383761.22 280024.08 45.31
383761.22 279934.08 69.64
383761.22 279844.08 91.49
383761.22 279754.08 117.91
383761.22 279664.08 132.87
383761.22 279574.08 157.83
383761.22 279484.08 171.40
383761.22 279394.08 178.48
383761.22 279304.08 183.46
383761.22 279214.08 188.20
383761.22 279124.08 209.67
383761.22 279034.08 230.00
383761.22 278944.08 242.14
383761.22 278854.08 262.41
383761.22 278764.08 259.09
383761.22 278674.08 249.07
383761.22 278584.08 224.06
383761.22 278494.08 164.05
383761.22 278404.08 136.20
383761.22 278314.08 120.27
383761.22 278224.08 119.20
383761.22 278134.08 98.96
383761.22 278044.08 77.48
383761.22 277954.08 65.70
383761.22 277864.08 61.89
383761.22 277774.08 22.22
383761.22 277684.08 16.88
383761.22 277594.08 17.11
383761.22 277504.08 18.53
383761.22 277414.08 19.05
383761.22 277324.08 17.53
383761.22 277234.08 19.88
383761.22 277144.08 22.63
383761.22 277054.08 47.74
383761.22 276964.08 60.46
383761.22 276874.08 72.55
383761.22 276784.08 98.13
383761.22 276694.08 120.58
383761.22 276604.08 134.27
383761.22 276514.08 115.13
383761.22 276424.08 90.84
383761.22 276334.08 64.32
383761.22 276244.08 58.61
383761.22 276154.08 49.53
383761.22 276064.08 26.11
383761.22 275974.08 11.83
383761.22 275884.08 6.44
383761.22 275794.08 13.61
383761.22 275704.08 39.24
383761.22 275614.08 103.43
383761.22 275524.08 108.61
383761.22 275434.08 77.56
383761.22 275344.08 55.33
383761.22 275254.08 47.40
383761.22 275164.08 17.50
383761.22 275074.08 6.33
383761.22 274984.08 11.67
383761.22 274894.08 15.29
383761.22 274354.08 34.42
383761.22 274264.08 30.81
383851.22 284524.08 280.69
383851.22 284434.08 331.14
383851.22 284344.08 373.69
383851.22 284254.08 448.08
383851.22 284164.08 469.47
383851.22 284074.08 484.12
383851.22 283984.08 478.79
383851.22 283894.08 479.82
383851.22 283804.08 456.54
383851.22 283714.08 421.44
383851.22 283624.08 375.95
383851.22 283534.08 293.31
383851.22 283444.08 273.51
383851.22 283354.08 293.48
383851.22 283264.08 268.18
383851.22 283174.08 233.36
383851.22 283084.08 201.27
383851.22 282994.08 171.50
383851.22 282904.08 150.11
383851.22 282814.08 116.88
383851.22 282724.08 102.50
383851.22 282634.08 92.42
383851.22 282544.08 80.94
383851.22 282454.08 71.82
383851.22 282364.08 70.24
383851.22 282274.08 64.32
383851.22 282184.08 63.85
383851.22 282094.08 55.17
383851.22 282004.08 51.83
383851.22 281914.08 46.48
383851.22 281824.08 45.72
383851.22 281734.08 43.70
383851.22 281644.08 41.20
383851.22 281554.08 39.81
383851.22 281464.08 37.20
383851.22 281374.08 33.66
383851.22 281284.08 31.63
383851.22 281194.08 29.76
383851.22 281104.08 28.60
383851.22 281014.08 27.58
383851.22 280924.08 26.53
383851.22 280834.08 28.61
383851.22 280744.08 33.77
383851.22 280654.08 53.40
383851.22 280564.08 50.78
383851.22 280474.08 41.69
383851.22 280384.08 35.51
383851.22 280294.08 33.32
383851.22 280204.08 31.30
383851.22 280114.08 29.46
383851.22 280024.08 32.85
383851.22 279934.08 47.67
383851.22 279844.08 65.75
383851.22 279754.08 89.29
383851.22 279664.08 106.01
383851.22 279574.08 122.99
383851.22 279484.08 137.13
383851.22 279394.08 140.13
383851.22 279304.08 126.92
383851.22 279214.08 136.17
383851.22 279124.08 162.80
383851.22 279034.08 177.37
383851.22 278944.08 213.45
383851.22 278854.08 235.82
383851.22 278764.08 237.28
383851.22 278674.08 254.16
383851.22 278584.08 248.67
383851.22 278494.08 171.83
383851.22 278404.08 137.47
383851.22 278314.08 120.22
383851.22 278224.08 115.61
383851.22 278134.08 112.95
383851.22 278044.08 96.37
383851.22 277954.08 67.68
383851.22 277864.08 47.93
383851.22 277774.08 18.75
383851.22 277684.08 12.77
383851.22 277594.08 9.24
383851.22 277504.08 6.95
383851.22 277414.08 5.31
383851.22 277324.08 4.97
383851.22 277234.08 3.28
383851.22 277144.08 4.12
383851.22 277054.08 11.87
383851.22 276964.08 20.34
383851.22 276874.08 38.96
383851.22 276784.08 66.19
383851.22 276694.08 100.18
383851.22 276604.08 134.98
383851.22 276514.08 142.08
383851.22 276424.08 124.60
383851.22 276334.08 109.53
383851.22 276244.08 100.83
383851.22 276154.08 86.27
383851.22 276064.08 49.92
383851.22 275974.08 23.70
383851.22 275884.08 10.48
383851.22 275794.08 16.14
383851.22 275704.08 50.15
383851.22 275614.08 114.54
383851.22 275524.08 116.19
383851.22 275434.08 86.70
383851.22 275344.08 37.81
383851.22 275254.08 36.90
383851.22 275164.08 5.13
383851.22 275074.08 4.66
383851.22 274984.08 14.90
383851.22 274894.08 21.98
383851.22 274444.08 33.36
383851.22 274354.08 34.30
383851.22 274264.08 30.81
383941.22 284434.08 324.48
383941.22 284344.08 351.19
383941.22 284254.08 428.79
383941.22 284164.08 462.18
383941.22 284074.08 476.53
383941.22 283984.08 455.77
383941.22 283894.08 453.52
383941.22 283804.08 441.43
383941.22 283714.08 408.71
383941.22 283624.08 363.55
383941.22 283534.08 284.36
383941.22 283444.08 254.20
383941.22 283354.08 256.37
383941.22 283264.08 240.76
383941.22 283174.08 200.20
383941.22 283084.08 170.98
383941.22 282994.08 142.08
383941.22 282904.08 126.32
383941.22 282814.08 101.03
383941.22 282724.08 91.48
383941.22 282634.08 87.74
383941.22 282544.08 84.12
383941.22 282454.08 80.86
383941.22 282364.08 75.96
383941.22 282274.08 72.01
383941.22 282184.08 66.30
383941.22 282094.08 57.93
383941.22 282004.08 53.71
383941.22 281914.08 48.46
383941.22 281824.08 44.70
383941.22 281734.08 42.08
383941.22 281644.08 40.66
383941.22 281554.08 39.20
383941.22 281464.08 36.33
383941.22 281374.08 33.68
383941.22 281284.08 30.86
383941.22 281194.08 29.21
383941.22 281104.08 27.52
383941.22 281014.08 26.22
383941.22 280924.08 24.57
383941.22 280834.08 23.09
383941.22 280744.08 22.79
383941.22 280654.08 27.72
383941.22 280564.08 28.67
383941.22 280474.08 28.09
383941.22 280384.08 25.58
383941.22 280294.08 23.36
383941.22 280204.08 22.07
383941.22 280114.08 23.04
383941.22 280024.08 25.14
383941.22 279934.08 32.62
383941.22 279844.08 45.47
383941.22 279754.08 62.03
383941.22 279664.08 81.64
383941.22 279574.08 92.80
383941.22 279484.08 107.01
383941.22 279394.08 110.50
383941.22 279304.08 96.07
383941.22 279214.08 111.44
383941.22 279124.08 130.48
383941.22 279034.08 155.49
383941.22 278944.08 190.19
383941.22 278854.08 214.68
383941.22 278764.08 233.59
383941.22 278674.08 251.02
383941.22 278584.08 235.62
383941.22 278494.08 181.30
383941.22 278404.08 134.70
383941.22 278314.08 111.18
383941.22 278224.08 95.90
383941.22 278134.08 111.25
383941.22 278044.08 113.44
383941.22 277954.08 87.43
383941.22 277864.08 54.57
383941.22 277774.08 26.71
383941.22 277684.08 16.74
383941.22 277594.08 12.72
383941.22 277504.08 4.51
383941.22 277414.08 3.57
383941.22 277324.08 3.56
383941.22 277234.08 1.92
383941.22 277144.08 1.70
383941.22 277054.08 2.52
383941.22 276964.08 5.76
383941.22 276874.08 23.95
383941.22 276784.08 54.08
383941.22 276694.08 89.78
383941.22 276604.08 120.20
383941.22 276514.08 138.65
383941.22 276424.08 120.43
383941.22 276334.08 129.61
383941.22 276244.08 129.80
383941.22 276154.08 99.76
383941.22 276064.08 64.30
383941.22 275974.08 41.21
383941.22 275884.08 18.21
383941.22 275794.08 21.33
383941.22 275704.08 49.22
383941.22 275614.08 100.96
383941.22 275524.08 102.06
383941.22 275434.08 74.58
383941.22 275344.08 37.31
384031.22 284434.08 305.60
384031.22 284344.08 346.42
384031.22 284254.08 437.08
384031.22 284164.08 474.24
384031.22 284074.08 466.26
384031.22 283984.08 432.81
384031.22 283894.08 416.02
384031.22 283804.08 401.58
384031.22 283714.08 374.25
384031.22 283624.08 332.74
384031.22 283534.08 268.72
384031.22 283444.08 232.91
384031.22 283354.08 218.20
384031.22 283264.08 210.41
384031.22 283174.08 173.66
384031.22 283084.08 148.09
384031.22 282994.08 133.62
384031.22 282904.08 125.31
384031.22 282814.08 110.27
384031.22 282724.08 101.59
384031.22 282634.08 105.23
384031.22 282544.08 100.67
384031.22 282454.08 93.56
384031.22 282364.08 87.78
384031.22 282274.08 80.33
384031.22 282184.08 74.57
384031.22 282094.08 73.39
384031.22 282004.08 69.02
384031.22 281914.08 59.31
384031.22 281824.08 47.20
384031.22 281734.08 41.64
384031.22 281644.08 39.06
384031.22 281554.08 37.81
384031.22 281464.08 35.65
384031.22 281374.08 33.25
384031.22 281284.08 30.43
384031.22 281194.08 28.48
384031.22 281104.08 26.78
384031.22 281014.08 25.26
384031.22 280924.08 23.97
384031.22 280834.08 22.02
384031.22 280744.08 20.07
384031.22 280654.08 17.46
384031.22 280564.08 17.92
384031.22 280474.08 19.82
384031.22 280384.08 19.18
384031.22 280294.08 18.53
384031.22 280204.08 18.56
384031.22 280114.08 21.11
384031.22 280024.08 21.56
384031.22 279934.08 24.94
384031.22 279844.08 36.13
384031.22 279754.08 44.89
384031.22 279664.08 57.85
384031.22 279574.08 71.24
384031.22 279484.08 84.83
384031.22 279394.08 84.84
384031.22 279304.08 73.46
384031.22 279214.08 89.38
384031.22 279124.08 109.82
384031.22 279034.08 137.75
384031.22 278944.08 167.06
384031.22 278854.08 204.40
384031.22 278764.08 224.79
384031.22 278674.08 244.96
384031.22 278584.08 209.07
384031.22 278494.08 162.54
384031.22 278404.08 123.04
384031.22 278314.08 98.81
384031.22 278224.08 80.34
384031.22 278134.08 98.32
384031.22 278044.08 112.45
384031.22 277954.08 103.58
384031.22 277864.08 78.29
384031.22 277774.08 44.51
384031.22 277684.08 27.05
384031.22 277594.08 23.53
384031.22 277504.08 2.78
384031.22 277414.08 3.28
384031.22 276964.08 2.19
384031.22 276874.08 10.28
384031.22 276784.08 38.71
384031.22 276694.08 66.11
384031.22 276604.08 99.07
384031.22 276514.08 122.08
384031.22 276424.08 91.59
384031.22 276334.08 103.22
384031.22 276244.08 126.29
384031.22 276154.08 97.28
384031.22 276064.08 65.76
384031.22 275974.08 43.32
384031.22 275884.08 25.83
384031.22 275794.08 37.29
384031.22 275704.08 61.36
384031.22 275614.08 67.27
384031.22 275524.08 72.34
384031.22 275434.08 46.75
384031.22 275344.08 14.87
384121.22 284434.08 310.68
384121.22 284344.08 367.66
384121.22 284254.08 458.87
384121.22 284164.08 488.13
384121.22 284074.08 455.75
384121.22 283984.08 417.38
384121.22 283894.08 384.06
384121.22 283804.08 361.06
384121.22 283714.08 334.44
384121.22 283624.08 304.06
384121.22 283534.08 247.19
384121.22 283444.08 218.80
384121.22 283354.08 194.49
384121.22 283264.08 181.51
384121.22 283174.08 164.65
384121.22 283084.08 154.85
384121.22 282994.08 152.43
384121.22 282904.08 147.61
384121.22 282814.08 138.58
384121.22 282724.08 132.29
384121.22 282634.08 128.08
384121.22 282544.08 119.10
384121.22 282454.08 103.64
384121.22 282364.08 97.24
384121.22 282274.08 91.50
384121.22 282184.08 91.63
384121.22 282094.08 102.67
384121.22 282004.08 101.75
384121.22 281914.08 75.51
384121.22 281824.08 55.31
384121.22 281734.08 44.10
384121.22 281644.08 38.87
384121.22 281554.08 36.34
384121.22 281464.08 34.25
384121.22 281374.08 31.99
384121.22 281284.08 29.73
384121.22 281194.08 27.83
384121.22 281104.08 25.96
384121.22 281014.08 24.53
384121.22 280924.08 23.01
384121.22 280834.08 21.25
384121.22 280744.08 19.48
384121.22 280654.08 16.42
384121.22 280564.08 15.66
384121.22 280474.08 15.44
384121.22 280384.08 15.27
384121.22 280294.08 15.65
384121.22 280204.08 16.45
384121.22 280114.08 17.54
384121.22 280024.08 18.10
384121.22 279934.08 20.32
384121.22 279844.08 28.03
384121.22 279754.08 32.79
384121.22 279664.08 42.86
384121.22 279574.08 57.67
384121.22 279484.08 64.17
384121.22 279394.08 62.01
384121.22 279304.08 57.99
384121.22 279214.08 70.73
384121.22 279124.08 94.47
384121.22 279034.08 125.97
384121.22 278944.08 152.89
384121.22 278854.08 169.30
384121.22 278764.08 188.67
384121.22 278674.08 197.29
384121.22 278584.08 164.60
384121.22 278494.08 126.52
384121.22 278404.08 96.91
384121.22 278314.08 75.73
384121.22 278224.08 69.52
384121.22 278134.08 91.83
384121.22 278044.08 104.41
384121.22 277954.08 95.54
384121.22 277864.08 84.10
384121.22 277774.08 42.82
384121.22 277684.08 24.37
384121.22 277594.08 10.94
384121.22 277504.08 1.87
384121.22 276874.08 4.11
384121.22 276784.08 14.45
384121.22 276694.08 46.38
384121.22 276604.08 84.98
384121.22 276514.08 99.82
384121.22 276424.08 72.75
384121.22 276334.08 68.82
384121.22 276244.08 96.90
384121.22 276154.08 81.47
384121.22 276064.08 53.20
384121.22 275974.08 39.80
384121.22 275884.08 30.89
384121.22 275794.08 46.09
384121.22 275704.08 62.68
384121.22 275614.08 25.49
384121.22 275524.08 62.44
384121.22 275434.08 38.06
384121.22 275344.08 1.01
384211.22 284344.08 368.27
384211.22 284254.08 454.98
384211.22 284164.08 493.99
384211.22 284074.08 455.67
384211.22 283984.08 410.88
384211.22 283894.08 371.92
384211.22 283804.08 339.07
384211.22 283714.08 308.60
384211.22 283624.08 281.62
384211.22 283534.08 233.70
384211.22 283444.08 218.03
384211.22 283354.08 205.61
384211.22 283264.08 191.43
384211.22 283174.08 181.67
384211.22 283084.08 183.81
384211.22 282994.08 185.29
384211.22 282904.08 184.66
384211.22 282814.08 171.10
384211.22 282724.08 162.35
384211.22 282634.08 148.24
384211.22 282544.08 133.51
384211.22 282454.08 118.62
384211.22 282364.08 113.26
384211.22 282274.08 107.92
384211.22 282184.08 114.79
384211.22 282094.08 135.39
384211.22 282004.08 127.68
384211.22 281914.08 90.77
384211.22 281824.08 67.53
384211.22 281734.08 52.79
384211.22 281644.08 42.93
384211.22 281554.08 37.29
384211.22 281464.08 33.69
384211.22 281374.08 30.56
384211.22 281284.08 28.85
384211.22 281194.08 27.39
384211.22 281104.08 25.80
384211.22 281014.08 23.59
384211.22 280924.08 22.55
384211.22 280834.08 20.43
384211.22 280744.08 18.87
384211.22 280654.08 16.48
384211.22 280564.08 14.58
384211.22 280474.08 13.40
384211.22 280384.08 12.98
384211.22 280294.08 12.71
384211.22 280204.08 13.92
384211.22 280114.08 14.93
384211.22 280024.08 15.34
384211.22 279934.08 15.79
384211.22 279844.08 19.54
384211.22 279754.08 23.87
384211.22 279664.08 28.90
384211.22 279574.08 36.89
384211.22 279484.08 43.14
384211.22 279394.08 41.64
384211.22 279304.08 40.52
384211.22 279214.08 56.03
384211.22 279124.08 79.04
384211.22 279034.08 115.05
384211.22 278944.08 123.44
384211.22 278854.08 123.49
384211.22 278764.08 142.89
384211.22 278674.08 139.64
384211.22 278584.08 122.59
384211.22 278494.08 91.01
384211.22 278404.08 69.26
384211.22 278314.08 55.62
384211.22 278224.08 69.65
384211.22 278134.08 88.65
384211.22 278044.08 97.00
384211.22 277954.08 74.10
384211.22 277864.08 56.32
384211.22 277774.08 29.15
384211.22 277684.08 12.92
384211.22 277594.08 2.96
384211.22 277504.08 1.59
384211.22 276784.08 6.86
384211.22 276694.08 39.12
384211.22 276604.08 55.90
384211.22 276514.08 59.85
384211.22 276424.08 47.40
384211.22 276334.08 29.36
384211.22 276244.08 55.85
384211.22 276154.08 46.26
384211.22 276064.08 26.01
384211.22 275974.08 20.59
384211.22 275884.08 27.58
384211.22 275794.08 51.46
384211.22 275704.08 62.66
384211.22 275614.08 8.69
384301.22 284344.08 347.86
384301.22 284254.08 430.21
384301.22 284164.08 461.89
384301.22 284074.08 444.75
384301.22 283984.08 407.38
384301.22 283894.08 372.98
384301.22 283804.08 343.95
384301.22 283714.08 317.58
384301.22 283624.08 289.01
384301.22 283534.08 253.69
384301.22 283444.08 245.08
384301.22 283354.08 236.43
384301.22 283264.08 221.39
384301.22 283174.08 210.45
384301.22 283084.08 226.56
384301.22 282994.08 230.52
384301.22 282904.08 231.15
384301.22 282814.08 207.89
384301.22 282724.08 185.57
384301.22 282634.08 166.22
384301.22 282544.08 148.02
384301.22 282454.08 137.86
384301.22 282364.08 133.75
384301.22 282274.08 129.70
384301.22 282184.08 139.42
384301.22 282094.08 168.12
384301.22 282004.08 143.56
384301.22 281914.08 102.96
384301.22 281824.08 79.99
384301.22 281734.08 61.72
384301.22 281644.08 48.70
384301.22 281554.08 40.10
384301.22 281464.08 35.56
384301.22 281374.08 30.92
384301.22 281284.08 28.23
384301.22 281194.08 26.61
384301.22 281104.08 25.12
384301.22 281014.08 23.05
384301.22 280924.08 21.61
384301.22 280834.08 19.54
384301.22 280744.08 17.75
384301.22 280654.08 14.81
384301.22 280564.08 13.55
384301.22 280474.08 12.37
384301.22 280384.08 11.18
384301.22 280294.08 10.42
384301.22 280204.08 11.24
384301.22 280114.08 12.32
384301.22 280024.08 13.03
384301.22 279934.08 13.00
384301.22 279844.08 14.25
384301.22 279754.08 15.14
384301.22 279664.08 16.73
384301.22 279574.08 19.40
384301.22 279484.08 24.61
384301.22 279394.08 27.70
384301.22 279304.08 28.12
384301.22 279214.08 34.72
384301.22 279124.08 68.59
384301.22 279034.08 91.50
384301.22 278944.08 86.62
384301.22 278854.08 88.27
384301.22 278764.08 100.74
384301.22 278674.08 95.89
384301.22 278584.08 88.94
384301.22 278494.08 62.60
384301.22 278404.08 50.33
384301.22 278314.08 38.62
384301.22 278224.08 58.26
384301.22 278134.08 73.41
384301.22 278044.08 74.49
384301.22 277954.08 52.44
384301.22 277864.08 31.92
384301.22 277774.08 17.64
384301.22 277684.08 7.72
384301.22 277594.08 2.72
384301.22 276604.08 45.64
384301.22 276514.08 46.76
384301.22 276424.08 38.87
384301.22 276334.08 17.27
384301.22 276244.08 43.55
384301.22 276154.08 33.19
384301.22 276064.08 5.72
384301.22 275974.08 6.74
384301.22 275884.08 24.34
384301.22 275794.08 55.42
384301.22 275704.08 58.31
384391.22 284344.08 324.25
384391.22 284254.08 388.12
384391.22 284164.08 419.64
384391.22 284074.08 436.29
384391.22 283984.08 415.80
384391.22 283894.08 388.06
384391.22 283804.08 365.30
384391.22 283714.08 338.70
384391.22 283624.08 313.21
384391.22 283534.08 288.37
384391.22 283444.08 284.38
384391.22 283354.08 274.87
384391.22 283264.08 255.61
384391.22 283174.08 245.25
384391.22 283084.08 273.89
384391.22 282994.08 281.51
384391.22 282904.08 276.17
384391.22 282814.08 238.09
384391.22 282724.08 214.74
384391.22 282634.08 189.65
384391.22 282544.08 174.95
384391.22 282454.08 163.62
384391.22 282364.08 157.47
384391.22 282274.08 155.29
384391.22 282184.08 165.82
384391.22 282094.08 190.56
384391.22 282004.08 153.17
384391.22 281914.08 116.47
384391.22 281824.08 90.51
384391.22 281734.08 71.63
384391.22 281644.08 57.89
384391.22 281554.08 46.80
384391.22 281464.08 40.13
384391.22 281374.08 33.29
384391.22 281284.08 28.85
384391.22 281194.08 26.52
384391.22 281104.08 24.36
384391.22 281014.08 23.05
384391.22 280924.08 21.23
384391.22 280834.08 19.54
384391.22 280744.08 17.62
384391.22 280654.08 14.68
384391.22 280564.08 13.36
384391.22 280474.08 11.87
384391.22 280384.08 10.25
384391.22 280294.08 8.98
384391.22 280204.08 8.89
384391.22 280114.08 9.94
384391.22 280024.08 10.77
384391.22 279934.08 9.43
384391.22 279844.08 10.38
384391.22 279754.08 10.19
384391.22 279664.08 10.53
384391.22 279574.08 12.03
384391.22 279484.08 14.68
384391.22 279394.08 17.34
384391.22 279304.08 18.09
384391.22 279214.08 22.50
384391.22 279124.08 38.47
384391.22 279034.08 49.20
384391.22 278944.08 41.74
384391.22 278854.08 49.69
384391.22 278764.08 62.17
384391.22 278674.08 63.66
384391.22 278584.08 60.50
384391.22 278494.08 43.18
384391.22 278404.08 35.35
384391.22 278314.08 22.23
384391.22 278224.08 40.43
384391.22 278134.08 55.73
384391.22 278044.08 60.49
384391.22 277954.08 34.79
384391.22 277864.08 19.30
384391.22 277774.08 7.42
384391.22 277684.08 5.69
384391.22 277594.08 10.77
384391.22 277504.08 2.05
384391.22 275884.08 15.03
384391.22 275794.08 36.96
384391.22 275704.08 26.26
384481.22 284254.08 336.56
384481.22 284164.08 366.66
384481.22 284074.08 402.38
384481.22 283984.08 434.25
384481.22 283894.08 430.68
384481.22 283804.08 408.86
384481.22 283714.08 381.57
384481.22 283624.08 362.57
384481.22 283534.08 365.96
384481.22 283444.08 359.68
384481.22 283354.08 334.92
384481.22 283264.08 311.52
384481.22 283174.08 301.34
384481.22 283084.08 321.38
384481.22 282994.08 342.41
384481.22 282904.08 348.03
384481.22 282814.08 302.38
384481.22 282724.08 281.33
384481.22 282634.08 259.95
384481.22 282544.08 242.46
384481.22 282454.08 227.90
384481.22 282364.08 214.67
384481.22 282274.08 213.48
384481.22 282184.08 227.15
384481.22 282094.08 219.16
384481.22 282004.08 178.62
384481.22 281914.08 138.77
384481.22 281824.08 118.31
384481.22 281734.08 97.27
384481.22 281644.08 77.88
384481.22 281554.08 61.26
384481.22 281464.08 51.53
384481.22 281374.08 57.95
384481.22 281284.08 64.53
384481.22 281194.08 66.83
384481.22 281104.08 70.77
384481.22 281014.08 65.51
384481.22 280924.08 47.27
384481.22 280834.08 28.13
384481.22 280744.08 21.47
384481.22 280654.08 15.19
384481.22 280564.08 13.59
384481.22 280474.08 11.85
384481.22 280384.08 10.30
384481.22 280294.08 8.94
384481.22 280204.08 7.87
384481.22 280114.08 7.17
384481.22 280024.08 6.75
384481.22 279934.08 6.96
384481.22 279844.08 8.44
384481.22 279754.08 4.85
384481.22 279664.08 4.40
384481.22 279574.08 4.72
384481.22 279484.08 5.19
384481.22 279394.08 5.86
384481.22 279304.08 6.39
384481.22 279214.08 7.76
384481.22 279124.08 9.70
384481.22 279034.08 11.97
384481.22 278944.08 10.13
384481.22 278854.08 13.82
384481.22 278764.08 18.83
384481.22 278674.08 20.02
384481.22 278584.08 17.29
384481.22 278494.08 12.76
384481.22 278404.08 11.32
384481.22 278314.08 10.67
384481.22 278224.08 29.34
384481.22 278134.08 47.63
384481.22 278044.08 58.60
384481.22 277954.08 25.97
384481.22 277864.08 7.86
384481.22 277774.08 6.68
384481.22 277684.08 3.95
384481.22 277594.08 6.97
384481.22 277504.08 3.33
384481.22 277414.08 4.28
384481.22 277324.08 0.27
384481.22 275794.08 11.47
384571.22 284254.08 312.65
384571.22 284164.08 350.42
384571.22 284074.08 403.29
384571.22 283984.08 447.04
384571.22 283894.08 444.06
384571.22 283804.08 431.07
384571.22 283714.08 406.89
384571.22 283624.08 396.33
384571.22 283534.08 409.99
384571.22 283444.08 395.42
384571.22 283354.08 371.81
384571.22 283264.08 346.82
384571.22 283174.08 328.60
384571.22 283084.08 336.87
384571.22 282994.08 366.12
384571.22 282904.08 380.21
384571.22 282814.08 351.40
384571.22 282724.08 320.41
384571.22 282634.08 294.61
384571.22 282544.08 270.80
384571.22 282454.08 257.12
384571.22 282364.08 246.06
384571.22 282274.08 235.45
384571.22 282184.08 228.08
384571.22 282094.08 217.06
384571.22 282004.08 193.49
384571.22 281914.08 165.44
384571.22 281824.08 148.68
384571.22 281734.08 122.70
384571.22 281644.08 102.46
384571.22 281554.08 79.99
384571.22 281464.08 66.39
384571.22 281374.08 87.53
384571.22 281284.08 100.22
384571.22 281194.08 106.32
384571.22 281104.08 96.27
384571.22 281014.08 73.30
384571.22 280924.08 52.36
384571.22 280834.08 41.00
384571.22 280744.08 33.06
384571.22 280654.08 15.80
384571.22 280564.08 14.10
384571.22 280474.08 12.00
384571.22 280384.08 10.42
384571.22 280294.08 8.97
384571.22 280204.08 7.58
384571.22 280114.08 6.38
384571.22 280024.08 5.35
384571.22 279934.08 4.85
384571.22 279844.08 5.05
384571.22 279754.08 2.85
384571.22 279664.08 2.30
384571.22 279574.08 2.36
384571.22 279484.08 2.59
384571.22 279394.08 2.56
384571.22 279304.08 2.55
384571.22 279214.08 2.73
384571.22 279124.08 2.55
384571.22 279034.08 2.51
384571.22 278944.08 2.63
384571.22 278854.08 2.89
384571.22 278764.08 3.28
384571.22 278674.08 3.35
384571.22 278584.08 2.73
384571.22 278494.08 2.72
384571.22 278404.08 3.37
384571.22 278314.08 5.98
384571.22 278224.08 17.78
384571.22 278134.08 19.95
384571.22 278044.08 25.73
384571.22 277954.08 10.50
384571.22 277864.08 4.03
384571.22 277774.08 8.08
384571.22 277684.08 3.04
384571.22 277594.08 2.99
384571.22 277504.08 2.70
384571.22 277414.08 4.49
384661.22 284254.08 320.47
384661.22 284164.08 349.99
384661.22 284074.08 390.27
384661.22 283984.08 428.83
384661.22 283894.08 420.38
384661.22 283804.08 410.47
384661.22 283714.08 400.98
384661.22 283624.08 407.36
384661.22 283534.08 407.59
384661.22 283444.08 392.73
384661.22 283354.08 374.16
384661.22 283264.08 346.09
384661.22 283174.08 320.74
384661.22 283084.08 313.20
384661.22 282994.08 339.10
384661.22 282904.08 357.88
384661.22 282814.08 350.30
384661.22 282724.08 310.00
384661.22 282634.08 284.94
384661.22 282544.08 261.41
384661.22 282454.08 243.68
384661.22 282364.08 237.41
384661.22 282274.08 214.15
384661.22 282184.08 194.97
384661.22 282094.08 197.93
384661.22 282004.08 188.92
384661.22 281914.08 187.97
384661.22 281824.08 180.75
384661.22 281734.08 151.57
384661.22 281644.08 121.28
384661.22 281554.08 95.84
384661.22 281464.08 89.17
384661.22 281374.08 110.87
384661.22 281284.08 125.20
384661.22 281194.08 127.27
384661.22 281104.08 105.37
384661.22 281014.08 83.88
384661.22 280924.08 71.46
384661.22 280834.08 66.77
384661.22 280744.08 56.25
384661.22 280654.08 23.73
384661.22 280564.08 17.53
384661.22 280474.08 12.14
384661.22 280384.08 10.30
384661.22 280294.08 8.72
384661.22 280204.08 7.37
384661.22 280114.08 6.11
384661.22 280024.08 5.14
384661.22 279934.08 4.49
384661.22 279844.08 3.64
384661.22 279754.08 3.24
384661.22 279664.08 2.90
384661.22 279574.08 1.93
384661.22 279484.08 2.74
384661.22 279394.08 2.61
384661.22 279304.08 2.41
384661.22 279214.08 2.71
384661.22 279124.08 2.50
384661.22 279034.08 2.45
384661.22 278944.08 2.27
384661.22 278854.08 1.87
384661.22 278764.08 2.14
384661.22 278674.08 2.29
384661.22 278584.08 2.58
384661.22 278494.08 3.12
384661.22 278404.08 4.21
384661.22 278314.08 5.14
384661.22 278224.08 7.92
384661.22 278134.08 6.02
384661.22 278044.08 5.70
384661.22 277954.08 2.73
384661.22 277864.08 4.15
384661.22 277774.08 10.54
384661.22 277684.08 2.86
384661.22 277594.08 2.49
384661.22 277504.08 2.05
384751.22 284164.08 356.63
384751.22 284074.08 375.25
384751.22 283984.08 384.00
384751.22 283894.08 381.25
384751.22 283804.08 374.76
384751.22 283714.08 377.10
384751.22 283624.08 391.64
384751.22 283534.08 387.23
384751.22 283444.08 377.84
384751.22 283354.08 363.61
384751.22 283264.08 335.08
384751.22 283174.08 300.20
384751.22 283084.08 277.07
384751.22 282994.08 294.93
384751.22 282904.08 319.96
384751.22 282814.08 334.93
384751.22 282724.08 292.48
384751.22 282634.08 264.81
384751.22 282544.08 247.85
384751.22 282454.08 221.32
384751.22 282364.08 209.92
384751.22 282274.08 187.26
384751.22 282184.08 163.46
384751.22 282094.08 175.20
384751.22 282004.08 170.58
384751.22 281914.08 186.68
384751.22 281824.08 190.20
384751.22 281734.08 166.33
384751.22 281644.08 134.51
384751.22 281554.08 114.67
384751.22 281464.08 112.25
384751.22 281374.08 126.06
384751.22 281284.08 141.40
384751.22 281194.08 145.82
384751.22 281104.08 130.75
384751.22 281014.08 114.08
384751.22 280924.08 108.76
384751.22 280834.08 102.98
384751.22 280744.08 85.57
384751.22 280654.08 43.22
384751.22 280564.08 37.06
384751.22 280474.08 16.67
384751.22 280384.08 10.52
384751.22 280294.08 9.40
384751.22 280204.08 6.98
384751.22 280114.08 5.81
384751.22 280024.08 4.75
384751.22 279934.08 3.97
384751.22 279844.08 2.82
384751.22 279754.08 2.67
384751.22 279664.08 2.54
384751.22 279574.08 1.66
384751.22 278944.08 2.20
384751.22 278854.08 1.69
384751.22 278764.08 2.10
384751.22 278674.08 2.29
384751.22 278584.08 2.65
384751.22 278494.08 3.64
384751.22 278404.08 4.55
384751.22 278314.08 5.11
384751.22 278224.08 5.45
384751.22 278134.08 4.63
384751.22 278044.08 2.94
384751.22 277954.08 1.70
384751.22 277774.08 12.20
384841.22 284164.08 351.98
384841.22 284074.08 347.67
384841.22 283984.08 344.90
384841.22 283894.08 346.90
384841.22 283804.08 338.76
384841.22 283714.08 344.79
384841.22 283624.08 359.47
384841.22 283534.08 370.67
384841.22 283444.08 358.58
384841.22 283354.08 342.24
384841.22 283264.08 313.03
384841.22 283174.08 277.42
384841.22 283084.08 248.03
384841.22 282994.08 256.61
384841.22 282904.08 292.70
384841.22 282814.08 320.13
384841.22 282724.08 276.97
384841.22 282634.08 245.81
384841.22 282544.08 230.07
384841.22 282454.08 203.60
384841.22 282364.08 170.20
384841.22 282274.08 152.70
384841.22 282184.08 135.45
384841.22 282094.08 140.76
384841.22 282004.08 151.52
384841.22 281914.08 174.28
384841.22 281824.08 186.12
384841.22 281734.08 175.51
384841.22 281644.08 152.97
384841.22 281554.08 141.57
384841.22 281464.08 133.81
384841.22 281374.08 139.61
384841.22 281284.08 152.20
384841.22 281194.08 161.06
384841.22 281104.08 160.45
384841.22 281014.08 152.68
384841.22 280924.08 148.27
384841.22 280834.08 132.74
384841.22 280294.08 7.88
384841.22 280204.08 6.29
384841.22 280114.08 5.30
384841.22 280024.08 4.47
384841.22 279934.08 3.47
384841.22 279844.08 2.28
384841.22 279754.08 2.43
384841.22 279664.08 2.24
384841.22 278944.08 2.25
384841.22 278674.08 2.26
384841.22 278494.08 2.90
384931.22 284074.08 316.10
384931.22 283984.08 317.18
384931.22 283894.08 315.36
384931.22 283804.08 305.43
384931.22 283714.08 308.31
384931.22 283624.08 329.60
384931.22 283534.08 358.41
384931.22 283444.08 350.40
384931.22 283354.08 317.49
384931.22 283264.08 282.58
384931.22 283174.08 253.25
384931.22 283084.08 224.10
384931.22 282994.08 225.60
384931.22 282904.08 260.03
384931.22 282814.08 280.15
384931.22 282724.08 253.69
384931.22 282634.08 229.91
384931.22 282544.08 212.04
384931.22 282454.08 176.63
384931.22 282364.08 142.94
384931.22 282274.08 122.41
384931.22 282184.08 115.44
384931.22 282094.08 133.03
384931.22 282004.08 160.85
384931.22 281914.08 176.42
384931.22 281824.08 178.42
384931.22 281734.08 162.84
384931.22 281644.08 147.36
384931.22 281554.08 132.95
384931.22 280024.08 3.80
384931.22 279934.08 2.77
384931.22 279844.08 2.20
384931.22 279754.08 2.45
384931.22 279664.08 1.83
384931.22 278494.08 2.40
385021.22 283984.08 294.19
385021.22 283894.08 290.99
385021.22 283804.08 278.35
385021.22 283714.08 275.02
385021.22 283624.08 298.24
385021.22 283534.08 330.30
385021.22 283444.08 337.70
385021.22 283354.08 310.22
385021.22 283264.08 270.62
385021.22 283174.08 230.93
385021.22 283084.08 196.16
385021.22 282994.08 197.81
385021.22 282904.08 223.68
385021.22 282814.08 239.16
385021.22 282724.08 225.78
385021.22 282634.08 213.37
385021.22 282544.08 200.86
385021.22 282454.08 164.93
385021.22 282364.08 132.39
385021.22 279754.08 2.56
385021.22 279664.08 1.57
385111.22 283894.08 274.06
385111.22 283804.08 265.56
385111.22 283714.08 249.31
385111.22 283624.08 268.10
385111.22 283534.08 293.00
385111.22 283444.08 304.77
385111.22 283354.08 289.60
385111.22 283264.08 258.03
385111.22 283174.08 216.59
385111.22 283084.08 175.36
