385769.44 291232.90 227.63
385769.44 291142.90 240.02
385769.44 291052.90 238.95
385769.44 290962.90 230.48
385769.44 290872.90 222.45
385859.44 291412.90 214.57
385859.44 291322.90 221.54
385859.44 291232.90 238.85
385859.44 291142.90 262.13
385859.44 291052.90 258.96
385859.44 290962.90 244.79
385859.44 290872.90 234.63
385859.44 290782.90 221.34
385949.44 291682.90 222.08
385949.44 291592.90 239.19
385949.44 291502.90 266.37
385949.44 291412.90 279.09
385949.44 291322.90 280.43
385949.44 291232.90 281.30
385949.44 291142.90 290.48
385949.44 291052.90 298.22
385949.44 290962.90 291.12
385949.44 290872.90 277.95
385949.44 290782.90 269.91
385949.44 290692.90 261.99
386039.44 291862.90 216.43
386039.44 291772.90 237.59
386039.44 291682.90 264.55
386039.44 291592.90 287.43
386039.44 291502.90 316.94
386039.44 291412.90 319.64
386039.44 291322.90 304.00
386039.44 291232.90 308.67
386039.44 291142.90 323.53
386039.44 291052.90 328.95
386039.44 290962.90 321.25
386039.44 290872.90 305.08
386039.44 290782.90 282.42
386039.44 290692.90 257.44
386039.44 290602.90 238.92
386129.44 292042.90 170.93
386129.44 291952.90 193.78
386129.44 291862.90 219.45
386129.44 291772.90 243.65
386129.44 291682.90 259.73
386129.44 291592.90 273.51
386129.44 291502.90 299.28
386129.44 291412.90 305.12
386129.44 291322.90 296.29
386129.44 291232.90 298.54
386129.44 291142.90 307.81
386129.44 291052.90 324.14
386129.44 290962.90 339.28
386129.44 290872.90 334.76
386129.44 290782.90 299.28
386129.44 290692.90 270.70
386129.44 290602.90 251.45
386219.44 292312.90 150.23
386219.44 292222.90 154.21
386219.44 292132.90 164.96
386219.44 292042.90 193.58
386219.44 291952.90 222.60
386219.44 291862.90 238.01
386219.44 291772.90 254.30
386219.44 291682.90 262.05
386219.44 291592.90 268.96
386219.44 291502.90 290.93
386219.44 291412.90 299.19
386219.44 291322.90 291.45
386219.44 291232.90 290.98
386219.44 291142.90 303.67
386219.44 291052.90 318.16
386219.44 290962.90 328.25
386219.44 290872.90 335.00
386219.44 290782.90 321.28
386219.44 290692.90 295.79
386219.44 290602.90 272.77
386219.44 290512.90 252.49
386309.44 292492.90 168.01
386309.44 292402.90 171.23
386309.44 292312.90 169.27
386309.44 292222.90 185.52
386309.44 292132.90 190.34
386309.44 292042.90 198.04
386309.44 291952.90 235.43
386309.44 291862.90 265.08
386309.44 291772.90 278.47
386309.44 291682.90 281.08
386309.44 291592.90 285.25
386309.44 291502.90 298.78
386309.44 291412.90 300.64
386309.44 291322.90 288.41
386309.44 291232.90 287.43
386309.44 291142.90 294.63
386309.44 291052.90 302.44
386309.44 290962.90 304.10
386309.44 290872.90 323.68
386309.44 290782.90 345.53
386309.44 290692.90 333.48
386309.44 290602.90 307.18
386309.44 290512.90 290.72
386399.44 292762.90 176.30
386399.44 292672.90 177.83
386399.44 292582.90 178.65
386399.44 292492.90 184.49
386399.44 292402.90 190.46
386399.44 292312.90 189.21
386399.44 292222.90 201.47
386399.44 292132.90 212.51
386399.44 292042.90 218.75
386399.44 291952.90 228.77
386399.44 291862.90 253.29
386399.44 291772.90 280.74
386399.44 291682.90 297.93
386399.44 291592.90 296.83
386399.44 291502.90 292.56
386399.44 291412.90 286.87
386399.44 291322.90 278.14
386399.44 291232.90 276.36
386399.44 291142.90 271.42
386399.44 291052.90 264.90
386399.44 290962.90 265.62
386399.44 290872.90 280.96
386399.44 290782.90 329.21
386399.44 290692.90 360.08
386399.44 290602.90 357.76
386399.44 290512.90 341.50
386399.44 290422.90 329.70
386489.44 292942.90 196.62
386489.44 292852.90 193.55
386489.44 292762.90 198.42
386489.44 292672.90 204.29
386489.44 292582.90 199.81
386489.44 292492.90 200.16
386489.44 292402.90 210.41
386489.44 292312.90 221.77
386489.44 292222.90 236.42
386489.44 292132.90 238.55
386489.44 292042.90 248.02
386489.44 291952.90 260.83
386489.44 291862.90 281.10
386489.44 291772.90 304.95
386489.44 291682.90 306.38
386489.44 291592.90 295.01
386489.44 291502.90 280.48
386489.44 291412.90 258.61
386489.44 291322.90 240.66
386489.44 291232.90 227.23
386489.44 291142.90 219.87
386489.44 291052.90 221.49
386489.44 290962.90 231.86
386489.44 290872.90 242.14
386489.44 290782.90 285.35
386489.44 290692.90 349.55
386489.44 290602.90 380.09
386489.44 290512.90 360.05
386489.44 290422.90 325.91
386579.44 293122.90 218.58
386579.44 293032.90 216.46
386579.44 292942.90 211.46
386579.44 292852.90 215.63
386579.44 292762.90 220.11
386579.44 292672.90 227.08
386579.44 292582.90 225.29
386579.44 292492.90 220.87
386579.44 292402.90 232.49
386579.44 292312.90 248.81
386579.44 292222.90 275.15
386579.44 292132.90 278.83
386579.44 292042.90 284.39
386579.44 291952.90 301.39
386579.44 291862.90 306.80
386579.44 291772.90 300.05
386579.44 291682.90 285.10
386579.44 291592.90 277.41
386579.44 291502.90 255.14
386579.44 291412.90 220.28
386579.44 291322.90 197.28
386579.44 291232.90 187.82
386579.44 291142.90 181.93
386579.44 291052.90 177.82
386579.44 290962.90 186.71
386579.44 290872.90 203.67
386579.44 290782.90 248.36
386579.44 290692.90 299.42
386579.44 290602.90 331.02
386579.44 290512.90 315.57
386579.44 290422.90 270.25
386579.44 290332.90 236.01
386669.44 293392.90 283.51
386669.44 293302.90 269.87
386669.44 293212.90 266.79
386669.44 293122.90 260.66
386669.44 293032.90 254.10
386669.44 292942.90 258.28
386669.44 292852.90 269.37
386669.44 292762.90 274.05
386669.44 292672.90 276.76
386669.44 292582.90 285.00
386669.44 292492.90 275.19
386669.44 292402.90 278.33
386669.44 292312.90 308.27
386669.44 292222.90 344.88
386669.44 292132.90 346.35
386669.44 292042.90 323.39
386669.44 291952.90 305.94
386669.44 291862.90 291.90
386669.44 291772.90 279.71
386669.44 291682.90 260.38
386669.44 291592.90 246.34
386669.44 291502.90 204.03
386669.44 291412.90 158.16
386669.44 291322.90 139.94
386669.44 291232.90 127.92
386669.44 291142.90 125.60
386669.44 291052.90 133.29
386669.44 290962.90 139.36
386669.44 290872.90 144.24
386669.44 290782.90 172.06
386669.44 290692.90 213.74
386669.44 290602.90 246.12
386669.44 290512.90 243.39
386669.44 290422.90 210.06
386669.44 290332.90 175.59
386759.44 293572.90 348.24
386759.44 293482.90 331.30
386759.44 293392.90 297.34
386759.44 293302.90 290.90
386759.44 293212.90 290.94
386759.44 293122.90 282.60
386759.44 293032.90 278.39
386759.44 292942.90 281.49
386759.44 292852.90 289.18
386759.44 292762.90 292.18
386759.44 292672.90 288.68
386759.44 292582.90 291.61
386759.44 292492.90 291.36
386759.44 292402.90 301.20
386759.44 292312.90 330.93
386759.44 292222.90 340.92
386759.44 292132.90 327.37
386759.44 292042.90 303.44
386759.44 291952.90 283.33
386759.44 291862.90 268.87
386759.44 291772.90 253.67
386759.44 291682.90 236.22
386759.44 291592.90 216.95
386759.44 291502.90 184.61
386759.44 291412.90 143.91
386759.44 291322.90 119.55
386759.44 291232.90 108.98
386759.44 291142.90 105.61
386759.44 291052.90 115.43
386759.44 290962.90 125.46
386759.44 290872.90 129.39
386759.44 290782.90 143.46
386759.44 290692.90 164.83
386759.44 290602.90 185.63
386759.44 290512.90 196.69
386759.44 290422.90 183.12
386759.44 290332.90 154.40
386849.44 293752.90 440.52
386849.44 293662.90 403.82
386849.44 293572.90 367.30
386849.44 293482.90 335.25
386849.44 293392.90 318.57
386849.44 293302.90 326.01
386849.44 293212.90 317.14
386849.44 293122.90 305.53
386849.44 293032.90 306.19
386849.44 292942.90 305.55
386849.44 292852.90 298.06
386849.44 292762.90 280.26
386849.44 292672.90 262.24
386849.44 292582.90 257.00
386849.44 292492.90 265.70
386849.44 292402.90 286.53
386849.44 292312.90 306.31
386849.44 292222.90 304.43
386849.44 292132.90 302.66
386849.44 292042.90 291.90
386849.44 291952.90 264.12
386849.44 291862.90 249.02
386849.44 291772.90 226.14
386849.44 291682.90 203.09
386849.44 291592.90 177.67
386849.44 291502.90 148.29
386849.44 291412.90 121.04
386849.44 291322.90 101.22
386849.44 291232.90 95.50
386849.44 291142.90 95.79
386849.44 291052.90 99.12
386849.44 290962.90 100.89
386849.44 290872.90 106.39
386849.44 290782.90 117.57
386849.44 290692.90 127.19
386849.44 290602.90 135.56
386849.44 290512.90 150.93
386849.44 290422.90 152.90
386849.44 290332.90 134.13
386849.44 290242.90 113.85
386939.44 294022.90 468.09
386939.44 293932.90 472.65
386939.44 293842.90 476.53
386939.44 293752.90 465.59
386939.44 293662.90 410.67
386939.44 293572.90 357.88
386939.44 293482.90 342.35
386939.44 293392.90 347.63
386939.44 293302.90 353.14
386939.44 293212.90 344.59
386939.44 293122.90 339.54
386939.44 293032.90 334.67
386939.44 292942.90 304.61
386939.44 292852.90 274.50
386939.44 292762.90 252.59
386939.44 292672.90 236.46
386939.44 292582.90 231.79
386939.44 292492.90 238.75
386939.44 292402.90 250.55
386939.44 292312.90 265.21
386939.44 292222.90 268.26
386939.44 292132.90 261.13
386939.44 292042.90 261.63
386939.44 291952.90 243.48
386939.44 291862.90 211.97
386939.44 291772.90 189.01
386939.44 291682.90 168.53
386939.44 291592.90 148.82
386939.44 291502.90 120.85
386939.44 291412.90 98.48
386939.44 291322.90 86.11
386939.44 291232.90 78.09
386939.44 291142.90 81.22
386939.44 291052.90 88.82
386939.44 290962.90 92.15
386939.44 290872.90 93.67
386939.44 290782.90 94.61
386939.44 290692.90 98.55
386939.44 290602.90 108.53
386939.44 290512.90 120.98
386939.44 290422.90 126.00
386939.44 290332.90 121.10
386939.44 290242.90 103.29
387029.44 294202.90 488.32
387029.44 294112.90 484.42
387029.44 294022.90 487.45
387029.44 293932.90 488.69
387029.44 293842.90 482.38
387029.44 293752.90 471.43
387029.44 293662.90 420.39
387029.44 293572.90 377.83
387029.44 293482.90 378.54
387029.44 293392.90 390.88
387029.44 293302.90 391.41
387029.44 293212.90 384.11
387029.44 293122.90 378.50
387029.44 293032.90 361.77
387029.44 292942.90 305.29
387029.44 292852.90 258.73
387029.44 292762.90 237.59
387029.44 292672.90 222.11
387029.44 292582.90 213.71
387029.44 292492.90 210.85
387029.44 292402.90 221.20
387029.44 292312.90 236.45
387029.44 292222.90 240.32
387029.44 292132.90 233.12
387029.44 292042.90 228.56
387029.44 291952.90 213.33
387029.44 291862.90 184.53
387029.44 291772.90 161.71
387029.44 291682.90 143.65
387029.44 291592.90 129.60
387029.44 291502.90 105.96
387029.44 291412.90 83.83
387029.44 291322.90 72.46
387029.44 291232.90 67.57
387029.44 291142.90 70.52
387029.44 291052.90 77.25
387029.44 290962.90 76.30
387029.44 290872.90 73.07
387029.44 290782.90 81.01
387029.44 290692.90 88.70
387029.44 290602.90 92.20
387029.44 290512.90 99.24
387029.44 290422.90 118.48
387029.44 290332.90 118.19
387029.44 290242.90 92.54
387029.44 290152.90 74.28
387119.44 294202.90 465.02
387119.44 294112.90 454.16
387119.44 294022.90 453.29
387119.44 293932.90 450.69
387119.44 293842.90 442.21
387119.44 293752.90 432.10
387119.44 293662.90 412.46
387119.44 293572.90 401.15
387119.44 293482.90 414.30
387119.44 293392.90 418.02
387119.44 293302.90 421.97
387119.44 293212.90 417.87
387119.44 293122.90 389.99
387119.44 293032.90 355.87
387119.44 292942.90 319.08
387119.44 292852.90 286.56
387119.44 292762.90 249.76
387119.44 292672.90 209.94
387119.44 292582.90 193.28
387119.44 292492.90 194.92
387119.44 292402.90 203.79
387119.44 292312.90 222.57
387119.44 292222.90 217.63
387119.44 292132.90 198.84
387119.44 292042.90 189.65
387119.44 291952.90 184.14
387119.44 291862.90 167.99
387119.44 291772.90 147.70
387119.44 291682.90 128.08
387119.44 291592.90 109.57
387119.44 291502.90 90.92
387119.44 291412.90 72.77
387119.44 291322.90 63.39
387119.44 291232.90 58.77
387119.44 291142.90 57.52
387119.44 291052.90 63.32
387119.44 290962.90 66.10
387119.44 290872.90 67.81
387119.44 290782.90 68.46
387119.44 290692.90 69.42
387119.44 290602.90 71.05
387119.44 290512.90 85.57
387119.44 290422.90 107.06
387119.44 290332.90 99.16
387119.44 290242.90 74.00
387119.44 290152.90 58.09
387209.44 294292.90 469.44
387209.44 294202.90 459.47
387209.44 294112.90 451.75
387209.44 294022.90 445.89
387209.44 293932.90 439.35
387209.44 293842.90 433.26
387209.44 293752.90 433.03
387209.44 293662.90 440.56
387209.44 293572.90 440.15
387209.44 293482.90 436.78
387209.44 293392.90 442.81
387209.44 293302.90 439.03
387209.44 293212.90 420.79
387209.44 293122.90 391.44
387209.44 293032.90 362.76
387209.44 292942.90 323.06
387209.44 292852.90 271.92
387209.44 292762.90 228.17
387209.44 292672.90 193.44
387209.44 292582.90 170.46
387209.44 292492.90 171.43
387209.44 292402.90 196.96
387209.44 292312.90 223.12
387209.44 292222.90 210.20
387209.44 292132.90 184.67
387209.44 292042.90 168.16
387209.44 291952.90 159.12
387209.44 291862.90 146.51
387209.44 291772.90 129.98
387209.44 291682.90 116.29
387209.44 291592.90 101.35
387209.44 291502.90 79.21
387209.44 291412.90 63.18
387209.44 291322.90 55.97
387209.44 291232.90 49.85
387209.44 291142.90 49.28
387209.44 291052.90 54.45
387209.44 290962.90 58.75
387209.44 290872.90 60.57
387209.44 290782.90 60.35
387209.44 290692.90 60.93
387209.44 290602.90 64.75
387209.44 290512.90 75.64
387209.44 290422.90 90.93
387209.44 290332.90 85.29
387209.44 290242.90 60.93
387209.44 290152.90 43.51
387209.44 290062.90 39.70
387299.44 294382.90 496.98
387299.44 294292.90 482.17
387299.44 294202.90 471.58
387299.44 294112.90 465.13
387299.44 294022.90 461.40
387299.44 293932.90 460.00
387299.44 293842.90 461.39
387299.44 293752.90 469.84
387299.44 293662.90 471.87
387299.44 293572.90 457.85
387299.44 293482.90 429.51
387299.44 293392.90 406.97
387299.44 293302.90 395.69
387299.44 293212.90 382.65
387299.44 293122.90 359.03
387299.44 293032.90 327.88
387299.44 292942.90 284.77
387299.44 292852.90 239.22
387299.44 292762.90 205.09
387299.44 292672.90 178.80
387299.44 292582.90 159.29
387299.44 292492.90 164.42
387299.44 292402.90 184.31
387299.44 292312.90 198.47
387299.44 292222.90 185.67
387299.44 292132.90 167.02
387299.44 292042.90 150.73
387299.44 291952.90 145.60
387299.44 291862.90 136.66
387299.44 291772.90 115.02
387299.44 291682.90 101.82
387299.44 291592.90 95.29
387299.44 291502.90 75.47
387299.44 291412.90 56.88
387299.44 291322.90 48.13
387299.44 291232.90 43.03
387299.44 291142.90 41.56
387299.44 291052.90 45.46
387299.44 290962.90 49.01
387299.44 290872.90 48.42
387299.44 290782.90 51.49
387299.44 290692.90 53.65
387299.44 290602.90 62.56
387299.44 290512.90 78.10
387299.44 290422.90 79.83
387299.44 290332.90 65.68
387299.44 290242.90 50.72
387299.44 290152.90 41.63
387299.44 290062.90 40.51
387389.44 294382.90 534.43
387389.44 294292.90 527.16
387389.44 294202.90 502.56
387389.44 294112.90 500.73
387389.44 294022.90 512.47
387389.44 293932.90 506.20
387389.44 293842.90 489.94
387389.44 293752.90 476.37
387389.44 293662.90 451.44
387389.44 293572.90 410.83
387389.44 293482.90 382.54
387389.44 293392.90 341.77
387389.44 293302.90 319.38
387389.44 293212.90 301.73
387389.44 293122.90 274.07
387389.44 293032.90 249.31
387389.44 292942.90 212.96
387389.44 292852.90 182.40
387389.44 292762.90 165.36
387389.44 292672.90 152.08
387389.44 292582.90 139.51
387389.44 292492.90 148.06
387389.44 292402.90 160.79
387389.44 292312.90 158.03
387389.44 292222.90 152.30
387389.44 292132.90 136.65
387389.44 292042.90 122.07
387389.44 291952.90 114.69
387389.44 291862.90 104.83
387389.44 291772.90 92.82
387389.44 291682.90 81.21
387389.44 291592.90 73.37
387389.44 291502.90 60.84
387389.44 291412.90 47.40
387389.44 291322.90 39.18
387389.44 291232.90 34.29
387389.44 291142.90 31.83
387389.44 291052.90 31.22
387389.44 290962.90 30.98
387389.44 290872.90 30.03
387389.44 290782.90 32.44
387389.44 290692.90 45.88
387389.44 290602.90 63.39
387389.44 290512.90 69.07
387389.44 290422.90 53.27
387389.44 290332.90 39.17
387389.44 290242.90 33.92
387389.44 290152.90 31.20
387389.44 290062.90 37.04
387479.44 294382.90 528.87
387479.44 294292.90 514.55
387479.44 294202.90 503.50
387479.44 294112.90 505.05
387479.44 294022.90 502.87
387479.44 293932.90 490.24
387479.44 293842.90 477.25
387479.44 293752.90 462.17
387479.44 293662.90 423.77
387479.44 293572.90 382.06
387479.44 293482.90 345.19
387479.44 293392.90 307.20
387479.44 293302.90 279.76
387479.44 293212.90 258.13
387479.44 293122.90 235.18
387479.44 293032.90 216.97
387479.44 292942.90 195.33
387479.44 292852.90 171.02
387479.44 292762.90 150.76
387479.44 292672.90 138.26
387479.44 292582.90 129.70
387479.44 292492.90 133.80
387479.44 292402.90 133.05
387479.44 292312.90 122.29
387479.44 292222.90 129.74
387479.44 292132.90 134.42
387479.44 292042.90 123.53
387479.44 291952.90 113.32
387479.44 291862.90 106.38
387479.44 291772.90 88.75
387479.44 291682.90 71.70
387479.44 291592.90 64.44
387479.44 291502.90 56.58
387479.44 291412.90 46.87
387479.44 291322.90 40.36
387479.44 291232.90 33.08
387479.44 291142.90 28.20
387479.44 291052.90 27.36
387479.44 290962.90 26.47
387479.44 290872.90 25.71
387479.44 290782.90 28.30
387479.44 290692.90 33.16
387479.44 290602.90 36.78
387479.44 290512.90 36.86
387479.44 290422.90 37.19
387479.44 290332.90 34.43
387479.44 290242.90 34.31
387479.44 290152.90 33.19
387479.44 290062.90 35.58
387479.44 289972.90 51.13
387569.44 294382.90 505.67
387569.44 294292.90 502.79
387569.44 294202.90 496.32
387569.44 294112.90 503.36
387569.44 294022.90 502.66
387569.44 293932.90 494.35
387569.44 293842.90 484.05
387569.44 293752.90 460.51
387569.44 293662.90 409.47
387569.44 293572.90 354.37
387569.44 293482.90 317.74
387569.44 293392.90 289.55
387569.44 293302.90 256.24
387569.44 293212.90 227.33
387569.44 293122.90 203.71
387569.44 293032.90 190.38
387569.44 292942.90 169.26
387569.44 292852.90 152.00
387569.44 292762.90 142.53
387569.44 292672.90 128.29
387569.44 292582.90 114.58
387569.44 292492.90 109.14
387569.44 292402.90 105.49
387569.44 292312.90 102.31
387569.44 292222.90 116.18
387569.44 292132.90 126.91
387569.44 292042.90 120.85
387569.44 291952.90 112.53
387569.44 291862.90 99.85
387569.44 291772.90 77.66
387569.44 291682.90 58.85
387569.44 291592.90 51.65
387569.44 291502.90 50.52
387569.44 291412.90 45.66
387569.44 291322.90 38.49
387569.44 291232.90 31.13
387569.44 291142.90 26.13
387569.44 291052.90 24.26
387569.44 290962.90 23.06
387569.44 290872.90 22.46
387569.44 290782.90 24.46
387569.44 290692.90 28.63
387569.44 290602.90 32.98
387569.44 290512.90 32.43
387569.44 290422.90 32.46
387569.44 290332.90 31.25
387569.44 290242.90 29.40
387569.44 290152.90 31.92
387569.44 290062.90 38.82
387569.44 289972.90 54.24
387659.44 294382.90 492.33
387659.44 294292.90 490.40
387659.44 294202.90 490.88
387659.44 294112.90 502.72
387659.44 294022.90 496.64
387659.44 293932.90 481.06
387659.44 293842.90 467.78
387659.44 293752.90 445.23
387659.44 293662.90 394.51
387659.44 293572.90 343.83
387659.44 293482.90 308.52
387659.44 293392.90 283.70
387659.44 293302.90 268.13
387659.44 293212.90 244.30
387659.44 293122.90 213.90
387659.44 293032.90 182.90
387659.44 292942.90 159.28
387659.44 292852.90 143.34
387659.44 292762.90 131.80
387659.44 292672.90 119.81
387659.44 292582.90 102.94
387659.44 292492.90 96.58
387659.44 292402.90 93.77
387659.44 292312.90 92.64
387659.44 292222.90 99.92
387659.44 292132.90 97.50
387659.44 292042.90 96.60
387659.44 291952.90 91.01
387659.44 291862.90 75.54
387659.44 291772.90 60.56
387659.44 291682.90 49.62
387659.44 291592.90 45.10
387659.44 291502.90 46.08
387659.44 291412.90 44.98
387659.44 291322.90 39.59
387659.44 291232.90 32.64
387659.44 291142.90 27.26
387659.44 291052.90 24.26
387659.44 290962.90 22.45
387659.44 290872.90 20.53
387659.44 290782.90 19.05
387659.44 290692.90 20.82
387659.44 290602.90 21.36
387659.44 290512.90 25.63
387659.44 290422.90 26.76
387659.44 290332.90 27.93
387659.44 290242.90 28.37
387659.44 290152.90 32.93
387659.44 290062.90 46.41
387659.44 289972.90 60.10
387659.44 289882.90 76.79
387749.44 294472.90 454.65
387749.44 294382.90 474.21
387749.44 294292.90 468.66
387749.44 294202.90 467.70
387749.44 294112.90 476.18
387749.44 294022.90 479.75
387749.44 293932.90 471.34
387749.44 293842.90 453.75
387749.44 293752.90 434.30
387749.44 293662.90 400.68
387749.44 293572.90 369.75
387749.44 293482.90 346.58
387749.44 293392.90 313.66
387749.44 293302.90 267.43
387749.44 293212.90 225.25
387749.44 293122.90 192.05
387749.44 293032.90 168.31
387749.44 292942.90 145.98
387749.44 292852.90 129.23
387749.44 292762.90 117.33
387749.44 292672.90 112.66
387749.44 292582.90 99.43
387749.44 292492.90 87.64
387749.44 292402.90 81.78
387749.44 292312.90 73.80
387749.44 292222.90 77.55
387749.44 292132.90 73.29
387749.44 292042.90 65.81
387749.44 291952.90 63.04
387749.44 291862.90 56.01
387749.44 291772.90 48.76
387749.44 291682.90 44.22
387749.44 291592.90 40.29
387749.44 291502.90 37.96
387749.44 291412.90 39.79
387749.44 291322.90 38.12
387749.44 291232.90 32.07
387749.44 291142.90 27.18
387749.44 291052.90 25.80
387749.44 290962.90 25.53
387749.44 290872.90 23.17
387749.44 290782.90 19.90
387749.44 290692.90 19.37
387749.44 290602.90 19.94
387749.44 290512.90 21.26
387749.44 290422.90 23.75
387749.44 290332.90 23.50
387749.44 290242.90 25.06
387749.44 290152.90 31.02
387749.44 290062.90 46.81
387749.44 289972.90 66.23
387749.44 289882.90 90.25
387839.44 294472.90 421.44
387839.44 294382.90 437.14
387839.44 294292.90 436.44
387839.44 294202.90 441.82
387839.44 294112.90 437.45
387839.44 294022.90 441.15
387839.44 293932.90 457.49
387839.44 293842.90 452.94
387839.44 293752.90 435.05
387839.44 293662.90 395.57
387839.44 293572.90 355.21
387839.44 293482.90 323.20
387839.44 293392.90 281.17
387839.44 293302.90 234.93
387839.44 293212.90 198.82
387839.44 293122.90 172.58
387839.44 293032.90 152.79
387839.44 292942.90 128.27
387839.44 292852.90 114.31
387839.44 292762.90 110.72
387839.44 292672.90 99.56
387839.44 292582.90 87.67
387839.44 292492.90 76.08
387839.44 292402.90 70.66
387839.44 292312.90 63.02
387839.44 292222.90 62.21
387839.44 292132.90 55.09
387839.44 292042.90 43.30
387839.44 291952.90 40.96
387839.44 291862.90 39.35
387839.44 291772.90 37.47
387839.44 291682.90 34.33
387839.44 291592.90 33.36
387839.44 291502.90 33.92
387839.44 291412.90 34.48
387839.44 291322.90 32.67
387839.44 291232.90 28.31
387839.44 291142.90 26.90
387839.44 291052.90 28.13
387839.44 290962.90 27.41
387839.44 290872.90 23.63
387839.44 290782.90 18.89
387839.44 290692.90 16.95
387839.44 290602.90 17.37
387839.44 290512.90 17.52
387839.44 290422.90 18.77
387839.44 290332.90 20.98
387839.44 290242.90 24.57
387839.44 290152.90 30.41
387839.44 290062.90 39.69
387839.44 289972.90 57.54
387839.44 289882.90 76.27
387929.44 294472.90 403.29
387929.44 294382.90 417.14
387929.44 294292.90 413.09
387929.44 294202.90 411.75
387929.44 294112.90 400.50
387929.44 294022.90 407.18
387929.44 293932.90 422.52
387929.44 293842.90 433.41
387929.44 293752.90 420.52
387929.44 293662.90 377.89
387929.44 293572.90 339.58
387929.44 293482.90 306.87
387929.44 293392.90 265.26
387929.44 293302.90 219.89
387929.44 293212.90 180.83
387929.44 293122.90 156.19
387929.44 293032.90 140.41
387929.44 292942.90 119.72
387929.44 292852.90 106.72
387929.44 292762.90 98.64
387929.44 292672.90 92.37
387929.44 292582.90 82.80
387929.44 292492.90 71.52
387929.44 292402.90 64.50
387929.44 292312.90 53.77
387929.44 292222.90 45.59
387929.44 292132.90 40.88
387929.44 292042.90 35.66
387929.44 291952.90 31.21
387929.44 291862.90 28.54
387929.44 291772.90 28.05
387929.44 291682.90 27.83
387929.44 291592.90 28.14
387929.44 291502.90 28.88
387929.44 291412.90 28.10
387929.44 291322.90 26.10
387929.44 291232.90 24.61
387929.44 291142.90 24.49
387929.44 291052.90 24.25
387929.44 290962.90 24.14
387929.44 290872.90 22.29
387929.44 290782.90 17.70
387929.44 290692.90 14.81
387929.44 290602.90 14.82
387929.44 290512.90 16.05
387929.44 290422.90 16.75
387929.44 290332.90 20.26
387929.44 290242.90 22.91
387929.44 290152.90 28.38
387929.44 290062.90 38.29
387929.44 289972.90 53.53
387929.44 289882.90 66.19
388019.44 294472.90 357.08
388019.44 294382.90 387.83
388019.44 294292.90 392.68
388019.44 294202.90 384.83
388019.44 294112.90 373.17
388019.44 294022.90 381.29
388019.44 293932.90 391.03
388019.44 293842.90 406.68
388019.44 293752.90 399.81
388019.44 293662.90 356.35
388019.44 293572.90 315.05
388019.44 293482.90 276.46
388019.44 293392.90 239.87
388019.44 293302.90 198.75
388019.44 293212.90 171.63
388019.44 293122.90 151.43
388019.44 293032.90 128.13
388019.44 292942.90 108.09
388019.44 292852.90 94.63
388019.44 292762.90 87.59
388019.44 292672.90 80.76
388019.44 292582.90 73.98
388019.44 292492.90 66.96
388019.44 292402.90 60.17
388019.44 292312.90 50.85
388019.44 292222.90 42.89
388019.44 292132.90 38.03
388019.44 292042.90 32.52
388019.44 291952.90 26.81
388019.44 291862.90 24.10
388019.44 291772.90 23.69
388019.44 291682.90 24.10
388019.44 291592.90 24.39
388019.44 291502.90 24.94
388019.44 291412.90 24.53
388019.44 291322.90 23.19
388019.44 291232.90 22.16
388019.44 291142.90 21.14
388019.44 291052.90 19.36
388019.44 290962.90 16.66
388019.44 290872.90 14.76
388019.44 290782.90 12.78
388019.44 290692.90 11.74
388019.44 290602.90 12.23
388019.44 290512.90 13.12
388019.44 290422.90 14.58
388019.44 290332.90 18.83
388019.44 290242.90 22.52
388019.44 290152.90 24.89
388019.44 290062.90 36.55
388019.44 289972.90 50.94
388019.44 289882.90 65.25
388109.44 294472.90 304.39
388109.44 294382.90 323.50
388109.44 294292.90 318.78
388109.44 294202.90 317.56
388109.44 294112.90 307.96
388109.44 294022.90 309.16
388109.44 293932.90 329.64
388109.44 293842.90 360.21
388109.44 293752.90 354.43
388109.44 293662.90 297.06
388109.44 293572.90 266.52
388109.44 293482.90 245.30
388109.44 293392.90 209.01
388109.44 293302.90 179.19
388109.44 293212.90 152.99
388109.44 293122.90 136.19
388109.44 293032.90 112.23
388109.44 292942.90 86.78
388109.44 292852.90 74.03
388109.44 292762.90 66.61
388109.44 292672.90 61.15
388109.44 292582.90 57.05
388109.44 292492.90 52.40
388109.44 292402.90 43.08
388109.44 292312.90 38.66
388109.44 292222.90 34.43
388109.44 292132.90 29.50
388109.44 292042.90 26.60
388109.44 291952.90 23.21
388109.44 291862.90 20.35
388109.44 291772.90 18.72
388109.44 291682.90 18.51
388109.44 291592.90 18.93
388109.44 291502.90 20.29
388109.44 291412.90 23.95
388109.44 291322.90 30.06
388109.44 291232.90 34.56
388109.44 291142.90 31.79
388109.44 291052.90 25.76
388109.44 290962.90 19.94
388109.44 290872.90 15.15
388109.44 290782.90 11.83
388109.44 290692.90 10.72
388109.44 290602.90 11.10
388109.44 290512.90 11.61
388109.44 290422.90 11.86
388109.44 290332.90 13.41
388109.44 290242.90 16.68
388109.44 290152.90 18.83
388109.44 290062.90 27.45
388109.44 289972.90 36.60
388199.44 294472.90 294.13
388199.44 294382.90 289.84
388199.44 294292.90 274.57
388199.44 294202.90 288.54
388199.44 294112.90 282.11
388199.44 294022.90 268.31
388199.44 293932.90 291.23
388199.44 293842.90 319.74
388199.44 293752.90 309.47
388199.44 293662.90 267.86
388199.44 293572.90 243.17
388199.44 293482.90 233.78
388199.44 293392.90 212.52
388199.44 293302.90 183.84
388199.44 293212.90 166.77
388199.44 293122.90 144.74
388199.44 293032.90 109.82
388199.44 292942.90 80.81
388199.44 292852.90 70.10
388199.44 292762.90 62.95
388199.44 292672.90 54.37
388199.44 292582.90 48.24
388199.44 292492.90 42.80
388199.44 292402.90 36.15
388199.44 292312.90 31.14
388199.44 292222.90 31.20
388199.44 292132.90 27.33
388199.44 292042.90 22.33
388199.44 291952.90 19.95
388199.44 291862.90 18.43
388199.44 291772.90 17.70
388199.44 291682.90 17.71
388199.44 291592.90 18.24
388199.44 291502.90 21.97
388199.44 291412.90 26.14
388199.44 291322.90 32.57
388199.44 291232.90 37.61
388199.44 291142.90 31.68
388199.44 291052.90 21.40
388199.44 290962.90 17.70
388199.44 290872.90 17.31
388199.44 290782.90 12.80
388199.44 290692.90 10.10
388199.44 290602.90 10.66
388199.44 290512.90 11.21
388199.44 290422.90 12.24
388199.44 290332.90 14.41
388199.44 290242.90 16.73
388199.44 290152.90 19.84
388199.44 290062.90 23.34
388199.44 289972.90 26.19
388289.44 294472.90 267.01
388289.44 294382.90 257.66
388289.44 294292.90 240.29
388289.44 294202.90 264.99
388289.44 294112.90 259.58
388289.44 294022.90 250.21
388289.44 293932.90 282.03
388289.44 293842.90 299.28
388289.44 293752.90 281.81
388289.44 293662.90 240.92
388289.44 293572.90 221.20
388289.44 293482.90 202.71
388289.44 293392.90 176.57
388289.44 293302.90 167.30
388289.44 293212.90 159.60
388289.44 293122.90 135.09
388289.44 293032.90 99.35
388289.44 292942.90 69.20
388289.44 292852.90 52.43
388289.44 292762.90 49.00
388289.44 292672.90 48.03
388289.44 292582.90 40.73
388289.44 292492.90 35.77
388289.44 292402.90 32.50
388289.44 292312.90 28.04
388289.44 292222.90 27.37
388289.44 292132.90 25.24
388289.44 292042.90 20.09
388289.44 291952.90 17.48
388289.44 291862.90 17.43
388289.44 291772.90 17.84
388289.44 291682.90 17.52
388289.44 291592.90 17.77
388289.44 291502.90 21.17
388289.44 291412.90 23.12
388289.44 291322.90 22.16
388289.44 291232.90 22.92
388289.44 291142.90 22.04
388289.44 291052.90 17.55
388289.44 290962.90 15.35
388289.44 290872.90 16.28
388289.44 290782.90 12.44
388289.44 290692.90 9.37
388289.44 290602.90 10.00
388289.44 290512.90 11.14
388289.44 290422.90 13.81
388289.44 290332.90 15.94
388289.44 290242.90 17.13
388289.44 290152.90 17.81
388289.44 290062.90 17.69
388379.44 294472.90 243.94
388379.44 294382.90 231.97
388379.44 294292.90 218.41
388379.44 294202.90 243.90
388379.44 294112.90 233.09
388379.44 294022.90 226.28
388379.44 293932.90 250.50
388379.44 293842.90 258.41
388379.44 293752.90 242.36
388379.44 293662.90 216.38
388379.44 293572.90 194.54
388379.44 293482.90 177.27
388379.44 293392.90 156.29
388379.44 293302.90 136.02
388379.44 293212.90 127.01
388379.44 293122.90 116.32
388379.44 293032.90 92.40
388379.44 292942.90 57.61
388379.44 292852.90 39.09
388379.44 292762.90 38.53
388379.44 292672.90 38.94
388379.44 292582.90 35.40
388379.44 292492.90 29.39
388379.44 292402.90 26.80
388379.44 292312.90 24.97
388379.44 292222.90 21.60
388379.44 292132.90 19.52
388379.44 292042.90 17.84
388379.44 291952.90 16.11
388379.44 291862.90 16.69
388379.44 291772.90 18.13
388379.44 291682.90 18.63
388379.44 291592.90 19.35
388379.44 291502.90 19.03
388379.44 291412.90 16.68
388379.44 291322.90 15.00
388379.44 291232.90 16.47
388379.44 291142.90 16.59
388379.44 291052.90 14.28
388379.44 290962.90 12.64
388379.44 290872.90 12.59
388379.44 290782.90 10.50
388379.44 290692.90 9.40
388379.44 290602.90 10.29
388379.44 290512.90 12.13
388379.44 290422.90 15.33
388379.44 290332.90 18.87
388379.44 290242.90 19.95
388379.44 290152.90 17.45
388379.44 290062.90 14.70
388469.44 294472.90 224.53
388469.44 294382.90 208.11
388469.44 294292.90 209.57
388469.44 294202.90 230.45
388469.44 294112.90 206.37
388469.44 294022.90 199.75
388469.44 293932.90 218.17
388469.44 293842.90 208.00
388469.44 293752.90 197.22
388469.44 293662.90 177.67
388469.44 293572.90 142.68
388469.44 293482.90 135.02
388469.44 293392.90 139.68
388469.44 293302.90 126.05
388469.44 293212.90 95.67
388469.44 293122.90 80.70
388469.44 293032.90 65.75
388469.44 292942.90 42.15
388469.44 292852.90 31.24
388469.44 292762.90 29.60
388469.44 292672.90 29.81
388469.44 292582.90 28.36
388469.44 292492.90 22.64
388469.44 292402.90 20.84
388469.44 292312.90 20.90
388469.44 292222.90 19.69
388469.44 292132.90 18.74
388469.44 292042.90 16.68
388469.44 291952.90 14.30
388469.44 291862.90 14.67
388469.44 291772.90 18.33
388469.44 291682.90 21.20
388469.44 291592.90 21.96
388469.44 291502.90 17.18
388469.44 291412.90 11.91
388469.44 291322.90 10.83
388469.44 291232.90 11.42
388469.44 291142.90 11.82
388469.44 291052.90 12.09
388469.44 290962.90 11.03
388469.44 290872.90 9.42
388469.44 290782.90 8.55
388469.44 290692.90 9.52
388469.44 290602.90 10.09
388469.44 290512.90 12.03
388469.44 290422.90 15.58
388469.44 290332.90 18.89
388469.44 290242.90 18.76
388469.44 290152.90 15.34
388559.44 294472.90 203.71
388559.44 294382.90 184.15
388559.44 294292.90 199.55
388559.44 294202.90 213.73
388559.44 294112.90 184.66
388559.44 294022.90 171.61
388559.44 293932.90 178.23
388559.44 293842.90 168.68
388559.44 293752.90 163.35
388559.44 293662.90 150.21
388559.44 293572.90 120.69
388559.44 293482.90 118.18
388559.44 293392.90 132.50
388559.44 293302.90 121.01
388559.44 293212.90 89.05
388559.44 293122.90 60.26
388559.44 293032.90 43.84
388559.44 292942.90 32.39
388559.44 292852.90 24.52
388559.44 292762.90 21.81
388559.44 292672.90 21.74
388559.44 292582.90 21.03
388559.44 292492.90 17.97
388559.44 292402.90 17.09
388559.44 292312.90 17.35
388559.44 292222.90 16.12
388559.44 292132.90 14.90
388559.44 292042.90 13.55
388559.44 291952.90 12.70
388559.44 291862.90 16.88
388559.44 291772.90 21.75
388559.44 291682.90 23.37
388559.44 291592.90 23.50
388559.44 291502.90 16.99
388559.44 291412.90 10.42
388559.44 291322.90 8.64
388559.44 291232.90 9.04
388559.44 291142.90 9.15
388559.44 291052.90 9.19
388559.44 290962.90 9.12
388559.44 290872.90 8.42
388559.44 290782.90 8.14
388559.44 290692.90 8.53
388559.44 290602.90 9.10
388559.44 290512.90 10.79
388559.44 290422.90 13.34
388559.44 290332.90 15.34
388559.44 290242.90 14.79
388559.44 290152.90 12.29
388649.44 294472.90 169.19
388649.44 294382.90 166.36
388649.44 294292.90 188.18
388649.44 294202.90 192.31
388649.44 294112.90 162.56
388649.44 294022.90 150.91
388649.44 293932.90 152.60
388649.44 293842.90 145.57
388649.44 293752.90 134.24
388649.44 293662.90 124.80
388649.44 293572.90 106.10
388649.44 293482.90 96.35
388649.44 293392.90 99.67
388649.44 293302.90 95.26
388649.44 293212.90 74.55
388649.44 293122.90 52.18
388649.44 293032.90 38.24
388649.44 292942.90 26.63
388649.44 292852.90 17.85
388649.44 292762.90 15.85
388649.44 292672.90 16.39
388649.44 292582.90 16.23
388649.44 292492.90 15.17
388649.44 292402.90 14.22
388649.44 292312.90 14.00
388649.44 292222.90 13.66
388649.44 292132.90 12.70
388649.44 292042.90 12.00
388649.44 291952.90 13.25
388649.44 291862.90 17.04
388649.44 291772.90 19.77
388649.44 291682.90 19.72
388649.44 291592.90 18.11
388649.44 291502.90 13.80
388649.44 291412.90 10.09
388649.44 291322.90 8.41
388649.44 291232.90 7.83
388649.44 291142.90 7.68
388649.44 291052.90 7.61
388649.44 290962.90 7.86
388649.44 290872.90 7.71
388649.44 290782.90 7.87
388649.44 290692.90 8.59
388649.44 290602.90 9.76
388649.44 290512.90 11.29
388649.44 290422.90 11.99
388649.44 290332.90 11.65
388649.44 290242.90 11.25
388739.44 294472.90 147.89
388739.44 294382.90 149.91
388739.44 294292.90 158.51
388739.44 294202.90 159.32
388739.44 294112.90 143.25
388739.44 294022.90 132.09
388739.44 293932.90 129.31
388739.44 293842.90 116.67
388739.44 293752.90 101.90
388739.44 293662.90 96.64
388739.44 293572.90 88.41
388739.44 293482.90 78.57
388739.44 293392.90 72.86
388739.44 293302.90 65.08
388739.44 293212.90 49.13
388739.44 293122.90 31.35
388739.44 293032.90 25.75
388739.44 292942.90 20.85
388739.44 292852.90 15.71
388739.44 292762.90 14.14
388739.44 292672.90 12.78
388739.44 292582.90 12.62
388739.44 292492.90 12.28
388739.44 292402.90 11.79
388739.44 292312.90 11.49
388739.44 292222.90 11.37
388739.44 292132.90 10.94
388739.44 292042.90 10.40
388739.44 291952.90 10.53
388739.44 291862.90 11.46
388739.44 291772.90 12.32
388739.44 291682.90 13.71
388739.44 291592.90 14.04
388739.44 291502.90 11.83
388739.44 291412.90 9.34
388739.44 291322.90 7.80
388739.44 291232.90 7.23
388739.44 291142.90 7.22
388739.44 291052.90 7.18
388739.44 290962.90 7.19
388739.44 290872.90 7.32
388739.44 290782.90 7.71
388739.44 290692.90 8.11
388739.44 290602.90 10.26
388739.44 290512.90 11.49
388739.44 290422.90 11.25
388739.44 290332.90 11.47
388739.44 290242.90 11.43
388829.44 294472.90 104.84
388829.44 294382.90 105.85
388829.44 294292.90 105.65
388829.44 294202.90 106.24
388829.44 294112.90 101.54
388829.44 294022.90 98.38
388829.44 293932.90 97.48
388829.44 293842.90 86.44
388829.44 293752.90 75.49
388829.44 293662.90 63.81
388829.44 293572.90 58.09
388829.44 293482.90 60.78
388829.44 293392.90 57.00
388829.44 293302.90 46.37
388829.44 293212.90 32.21
388829.44 293122.90 21.79
388829.44 293032.90 17.03
388829.44 292942.90 13.78
388829.44 292852.90 12.22
388829.44 292762.90 12.38
388829.44 292672.90 11.75
388829.44 292582.90 10.28
388829.44 292492.90 9.91
388829.44 292402.90 9.86
388829.44 292312.90 9.61
388829.44 292222.90 9.51
388829.44 292132.90 9.46
388829.44 292042.90 9.18
388829.44 291952.90 8.77
388829.44 291862.90 8.44
388829.44 291772.90 8.47
388829.44 291682.90 10.33
388829.44 291592.90 10.47
388829.44 291502.90 8.60
388829.44 291412.90 7.28
388829.44 291322.90 6.87
388829.44 291232.90 6.67
388829.44 291142.90 6.46
388829.44 291052.90 6.91
388829.44 290962.90 8.72
388829.44 290872.90 9.92
388829.44 290782.90 9.61
388829.44 290692.90 10.26
388829.44 290602.90 10.68
388829.44 290512.90 11.16
388829.44 290422.90 13.22
388829.44 290332.90 13.08
388919.44 294472.90 95.24
388919.44 294382.90 90.34
388919.44 294292.90 85.14
388919.44 294202.90 85.03
388919.44 294112.90 86.95
388919.44 294022.90 87.27
388919.44 293932.90 84.85
388919.44 293842.90 78.23
388919.44 293752.90 68.67
388919.44 293662.90 55.17
388919.44 293572.90 48.77
388919.44 293482.90 50.54
388919.44 293392.90 46.19
388919.44 293302.90 37.27
388919.44 293212.90 32.18
388919.44 293122.90 24.12
388919.44 293032.90 15.97
388919.44 292942.90 11.73
388919.44 292852.90 10.08
388919.44 292762.90 11.49
388919.44 292672.90 12.46
388919.44 292582.90 10.22
388919.44 292492.90 8.72
388919.44 292402.90 8.81
388919.44 292312.90 9.21
388919.44 292222.90 9.49
388919.44 292132.90 9.15
388919.44 292042.90 8.59
388919.44 291952.90 8.42
388919.44 291862.90 8.14
388919.44 291772.90 8.06
388919.44 291682.90 8.40
388919.44 291592.90 8.65
388919.44 291502.90 7.72
388919.44 291412.90 6.66
388919.44 291322.90 6.56
388919.44 291232.90 6.53
388919.44 291142.90 6.61
388919.44 291052.90 8.30
388919.44 290962.90 9.54
388919.44 290872.90 9.62
388919.44 290782.90 12.63
388919.44 290692.90 16.22
388919.44 290602.90 18.37
388919.44 290512.90 17.20
388919.44 290422.90 15.56
388919.44 290332.90 14.67
389009.44 294472.90 79.85
389009.44 294382.90 74.50
389009.44 294292.90 68.89
389009.44 294202.90 68.90
389009.44 294112.90 70.94
389009.44 294022.90 70.28
389009.44 293932.90 71.40
389009.44 293842.90 67.93
389009.44 293752.90 57.74
389009.44 293662.90 45.10
389009.44 293572.90 40.03
389009.44 293482.90 40.08
389009.44 293392.90 36.43
389009.44 293302.90 26.55
389009.44 293212.90 20.17
389009.44 293122.90 19.25
389009.44 293032.90 15.31
389009.44 292942.90 10.92
389009.44 292852.90 9.55
389009.44 292762.90 9.32
389009.44 292672.90 8.85
389009.44 292582.90 8.60
389009.44 292492.90 8.28
389009.44 292402.90 8.21
389009.44 292312.90 8.98
389009.44 292222.90 9.44
389009.44 292132.90 8.68
389009.44 292042.90 8.01
389009.44 291952.90 7.92
389009.44 291862.90 8.06
389009.44 291772.90 8.00
389009.44 291682.90 8.23
389009.44 291592.90 7.86
389009.44 291502.90 7.06
389009.44 291412.90 6.47
389009.44 291322.90 6.23
389009.44 291232.90 6.47
389009.44 291142.90 6.69
389009.44 291052.90 8.52
389009.44 290962.90 12.59
389009.44 290872.90 13.71
389009.44 290782.90 14.10
389009.44 290692.90 17.33
389009.44 290602.90 27.59
389009.44 290512.90 29.73
389009.44 290422.90 21.02
389099.44 294472.90 67.88
389099.44 294382.90 64.96
389099.44 294292.90 60.27
389099.44 294202.90 57.00
389099.44 294112.90 57.23
389099.44 294022.90 58.41
389099.44 293932.90 57.99
389099.44 293842.90 54.62
389099.44 293752.90 51.58
389099.44 293662.90 39.69
389099.44 293572.90 31.84
389099.44 293482.90 32.19
389099.44 293392.90 29.82
389099.44 293302.90 22.23
389099.44 293212.90 15.01
389099.44 293122.90 12.36
389099.44 293032.90 11.26
389099.44 292942.90 10.08
389099.44 292852.90 9.21
389099.44 292762.90 8.82
389099.44 292672.90 8.83
389099.44 292582.90 8.69
389099.44 292492.90 8.08
389099.44 292402.90 7.75
389099.44 292312.90 8.33
389099.44 292222.90 9.12
389099.44 292132.90 9.25
389099.44 292042.90 8.38
389099.44 291952.90 7.60
389099.44 291862.90 7.86
389099.44 291772.90 7.86
389099.44 291682.90 6.72
389099.44 291592.90 6.35
389099.44 291502.90 6.75
389099.44 291412.90 6.64
389099.44 291322.90 6.34
389099.44 291232.90 6.69
389099.44 291142.90 7.60
389099.44 291052.90 11.96
389099.44 290962.90 16.69
389099.44 290872.90 16.84
389099.44 290782.90 16.96
389099.44 290692.90 26.32
389099.44 290602.90 32.96
389099.44 290512.90 24.58
389099.44 290422.90 15.92
389189.44 294472.90 58.00
389189.44 294382.90 56.65
389189.44 294292.90 50.99
389189.44 294202.90 47.07
389189.44 294112.90 45.23
389189.44 294022.90 46.39
389189.44 293932.90 42.80
389189.44 293842.90 39.94
389189.44 293752.90 37.25
389189.44 293662.90 28.51
389189.44 293572.90 24.73
389189.44 293482.90 24.55
389189.44 293392.90 22.16
389189.44 293302.90 16.95
389189.44 293212.90 12.41
389189.44 293122.90 10.18
389189.44 293032.90 9.39
389189.44 292942.90 8.74
389189.44 292852.90 8.43
389189.44 292762.90 8.65
389189.44 292672.90 9.11
389189.44 292582.90 9.14
389189.44 292492.90 8.64
389189.44 292402.90 8.41
389189.44 292312.90 8.38
389189.44 292222.90 8.42
389189.44 292132.90 8.27
389189.44 292042.90 7.94
389189.44 291952.90 7.43
389189.44 291862.90 7.41
389189.44 291772.90 7.55
389189.44 291682.90 7.35
389189.44 291592.90 7.04
389189.44 291502.90 6.72
389189.44 291412.90 6.48
389189.44 291322.90 6.40
389189.44 291232.90 6.35
389189.44 291142.90 7.47
389189.44 291052.90 10.27
389189.44 290962.90 11.69
389189.44 290872.90 10.48
389189.44 290782.90 18.35
389189.44 290692.90 26.83
389189.44 290602.90 32.43
389189.44 290512.90 23.51
389279.44 294472.90 45.42
389279.44 294382.90 44.54
389279.44 294292.90 42.13
389279.44 294202.90 39.55
389279.44 294112.90 36.46
389279.44 294022.90 35.12
389279.44 293932.90 33.15
389279.44 293842.90 29.80
389279.44 293752.90 29.20
389279.44 293662.90 22.53
389279.44 293572.90 17.61
389279.44 293482.90 16.89
389279.44 293392.90 14.72
389279.44 293302.90 11.62
389279.44 293212.90 9.77
389279.44 293122.90 9.40
389279.44 293032.90 9.13
389279.44 292942.90 8.94
389279.44 292852.90 8.52
389279.44 292762.90 8.71
389279.44 292672.90 9.57
389279.44 292582.90 10.55
389279.44 292492.90 8.05
389279.44 292402.90 5.79
389279.44 292312.90 6.25
389279.44 292222.90 7.74
389279.44 292132.90 8.65
389279.44 292042.90 6.97
389279.44 291952.90 5.14
389279.44 291862.90 4.99
389279.44 291772.90 7.35
389279.44 291682.90 9.49
389279.44 291592.90 6.97
389279.44 291502.90 5.26
389279.44 291412.90 5.97
389279.44 291322.90 6.76
389279.44 291232.90 6.14
389279.44 291142.90 5.96
389279.44 291052.90 7.43
389279.44 290962.90 7.22
389279.44 290872.90 6.43
389279.44 290782.90 12.01
389279.44 290692.90 14.19
389279.44 290602.90 13.93
389369.44 294472.90 35.11
389369.44 294382.90 34.22
389369.44 294292.90 32.48
389369.44 294202.90 31.27
389369.44 294112.90 29.04
389369.44 294022.90 25.38
389369.44 293932.90 24.95
389369.44 293842.90 22.57
389369.44 293752.90 19.32
389369.44 293662.90 15.51
389369.44 293572.90 12.90
389369.44 293482.90 11.63
389369.44 293392.90 10.38
389369.44 293302.90 9.82
389369.44 293212.90 9.45
389369.44 293122.90 9.25
389369.44 293032.90 9.01
389369.44 292942.90 9.24
389369.44 292852.90 9.75
389369.44 292762.90 7.52
389369.44 292672.90 5.98
389369.44 292582.90 7.82
389369.44 292492.90 8.83
389369.44 292402.90 7.64
389369.44 292312.90 6.72
389369.44 292222.90 6.28
389369.44 292132.90 6.01
389369.44 292042.90 6.02
389369.44 291952.90 6.18
389369.44 291862.90 6.36
389369.44 291772.90 6.14
389369.44 291682.90 6.27
389369.44 291592.90 6.13
389369.44 291502.90 5.95
389369.44 291412.90 4.84
389369.44 291322.90 3.06
389369.44 291232.90 3.24
389369.44 291142.90 4.69
389369.44 291052.90 5.73
389369.44 290962.90 6.00
389369.44 290872.90 5.89
389369.44 290782.90 7.72
389369.44 290692.90 8.07
389369.44 290602.90 6.62
389459.44 294472.90 25.58
389459.44 294382.90 25.00
389459.44 294292.90 24.79
389459.44 294202.90 23.21
389459.44 294112.90 22.05
389459.44 294022.90 20.17
389459.44 293932.90 17.98
389459.44 293842.90 16.58
389459.44 293752.90 14.42
389459.44 293662.90 12.52
389459.44 293572.90 11.80
389459.44 293482.90 10.87
389459.44 293392.90 10.22
389459.44 293302.90 9.84
389459.44 293212.90 9.31
389459.44 293122.90 9.14
389459.44 293032.90 8.97
389459.44 292942.90 8.33
389459.44 292852.90 9.07
389459.44 292762.90 8.65
389459.44 292672.90 7.64
389459.44 292582.90 7.82
389459.44 292492.90 7.99
389459.44 292402.90 7.99
389459.44 292312.90 6.95
389459.44 292222.90 6.05
389459.44 292132.90 5.91
389459.44 292042.90 5.97
389459.44 291952.90 5.97
389459.44 291862.90 6.04
389459.44 291772.90 6.47
389459.44 291682.90 6.67
389459.44 291592.90 5.70
389459.44 291502.90 5.52
389459.44 291412.90 5.85
389459.44 291322.90 5.86
389459.44 291232.90 3.71
389459.44 291142.90 4.66
389459.44 291052.90 6.50
389459.44 290962.90 6.53
389459.44 290872.90 6.40
389459.44 290782.90 6.12
389459.44 290692.90 7.90
389549.44 294382.90 18.46
389549.44 294292.90 16.45
389549.44 294202.90 16.52
389549.44 294112.90 16.36
389549.44 294022.90 14.89
389549.44 293932.90 13.60
389549.44 293842.90 13.19
389549.44 293752.90 12.47
389549.44 293662.90 11.86
389549.44 293572.90 11.46
389549.44 293482.90 10.78
389549.44 293392.90 10.68
389549.44 293302.90 10.51
389549.44 293212.90 10.04
389549.44 293122.90 9.70
389549.44 293032.90 10.25
389549.44 292942.90 9.11
389549.44 292852.90 7.81
389549.44 292762.90 7.94
389549.44 292672.90 8.26
389549.44 292582.90 8.41
389549.44 292492.90 8.63
389549.44 292402.90 8.13
389549.44 292312.90 6.89
389549.44 292222.90 6.29
389549.44 292132.90 6.16
389549.44 292042.90 5.73
389549.44 291952.90 5.45
389549.44 291862.90 5.47
389549.44 291772.90 5.49
389549.44 291682.90 5.37
389549.44 291592.90 5.52
389549.44 291502.90 5.55
389549.44 291412.90 5.27
389549.44 291322.90 5.10
389549.44 291232.90 4.79
389549.44 291142.90 4.87
389549.44 291052.90 3.26
389549.44 290962.90 4.04
389549.44 290872.90 6.85
389549.44 290782.90 7.26
389549.44 290692.90 6.24
389549.44 290602.90 5.83
389639.44 294382.90 18.32
389639.44 294292.90 15.34
389639.44 294202.90 15.04
389639.44 294112.90 14.66
389639.44 294022.90 14.02
389639.44 293932.90 13.07
389639.44 293842.90 12.29
389639.44 293752.90 11.77
389639.44 293662.90 11.38
389639.44 293572.90 10.78
389639.44 293482.90 10.28
389639.44 293392.90 10.60
389639.44 293302.90 10.94
389639.44 293212.90 10.55
389639.44 293122.90 10.07
389639.44 293032.90 9.64
389639.44 292942.90 8.97
389639.44 292852.90 8.81
389639.44 292762.90 9.32
389639.44 292672.90 9.37
389639.44 292582.90 9.32
389639.44 292492.90 9.62
389639.44 292402.90 9.64
389639.44 292312.90 9.21
389639.44 292222.90 8.01
389639.44 292132.90 7.14
389639.44 292042.90 6.55
389639.44 291952.90 6.56
389639.44 291862.90 6.87
389639.44 291772.90 6.20
389639.44 291682.90 5.35
389639.44 291592.90 5.50
389639.44 291502.90 5.33
389639.44 291412.90 4.93
389639.44 291322.90 4.87
389639.44 291232.90 4.68
389639.44 291142.90 4.92
389639.44 291052.90 5.57
389639.44 290962.90 6.04
389639.44 290872.90 4.19
389639.44 290782.90 3.92
389639.44 290692.90 5.14
389639.44 290602.90 5.61
389729.44 294382.90 16.88
389729.44 294292.90 14.36
389729.44 294202.90 13.61
389729.44 294112.90 13.41
389729.44 294022.90 12.66
389729.44 293932.90 12.34
389729.44 293842.90 11.83
389729.44 293752.90 11.15
389729.44 293662.90 10.71
389729.44 293572.90 10.29
389729.44 293482.90 10.09
389729.44 293392.90 11.03
389729.44 293302.90 11.88
389729.44 293212.90 9.85
389729.44 293122.90 9.20
389729.44 293032.90 11.03
389729.44 292942.90 11.99
389729.44 292852.90 16.25
389729.44 292762.90 24.95
389729.44 292672.90 26.38
389729.44 292582.90 19.24
389729.44 292492.90 13.82
389729.44 292402.90 13.29
389729.44 292312.90 15.44
389729.44 292222.90 13.84
389729.44 292132.90 11.35
389729.44 292042.90 10.86
389729.44 291952.90 10.69
389729.44 291862.90 9.37
389729.44 291772.90 7.89
389729.44 291682.90 7.13
389729.44 291592.90 6.47
389729.44 291502.90 5.53
389729.44 291412.90 5.11
389729.44 291322.90 4.89
389729.44 291232.90 4.75
389729.44 291142.90 4.69
389729.44 291052.90 5.14
389729.44 290962.90 6.05
389729.44 290872.90 4.47
389729.44 290782.90 4.24
389729.44 290692.90 5.34
389729.44 290602.90 5.51
389729.44 290512.90 5.22
389819.44 294292.90 13.49
389819.44 294202.90 13.10
389819.44 294112.90 13.14
389819.44 294022.90 12.73
389819.44 293932.90 11.85
389819.44 293842.90 11.09
389819.44 293752.90 10.80
389819.44 293662.90 10.71
389819.44 293572.90 10.26
389819.44 293482.90 10.81
389819.44 293392.90 13.55
389819.44 293302.90 13.40
389819.44 293212.90 11.37
389819.44 293122.90 10.37
389819.44 293032.90 12.42
389819.44 292942.90 20.71
389819.44 292852.90 33.00
389819.44 292762.90 37.50
389819.44 292672.90 37.46
389819.44 292582.90 29.47
389819.44 292492.90 19.01
389819.44 292402.90 19.41
389819.44 292312.90 28.46
389819.44 292222.90 27.92
389819.44 292132.90 21.13
389819.44 292042.90 16.53
389819.44 291952.90 12.36
389819.44 291862.90 9.69
389819.44 291772.90 8.89
389819.44 291682.90 8.53
389819.44 291592.90 7.99
389819.44 291502.90 6.51
389819.44 291412.90 5.25
389819.44 291322.90 4.81
389819.44 291232.90 4.63
389819.44 291142.90 4.69
389819.44 291052.90 5.18
389819.44 290962.90 5.34
389819.44 290872.90 5.71
389819.44 290782.90 5.91
389819.44 290692.90 5.91
389819.44 290602.90 5.81
389819.44 290512.90 5.59
389909.44 294292.90 12.68
389909.44 294202.90 12.48
389909.44 294112.90 12.14
389909.44 294022.90 12.07
389909.44 293932.90 11.68
389909.44 293842.90 11.22
389909.44 293752.90 11.07
389909.44 293662.90 11.59
389909.44 293572.90 11.68
389909.44 293482.90 11.49
389909.44 293392.90 10.99
389909.44 293302.90 11.06
389909.44 293212.90 11.28
389909.44 293122.90 12.32
389909.44 293032.90 15.89
389909.44 292942.90 41.33
389909.44 292852.90 58.71
389909.44 292762.90 55.09
389909.44 292672.90 55.53
389909.44 292582.90 38.86
389909.44 292492.90 22.85
389909.44 292402.90 37.32
389909.44 292312.90 49.54
389909.44 292222.90 43.14
389909.44 292132.90 30.09
389909.44 292042.90 18.20
389909.44 291952.90 12.40
389909.44 291862.90 10.25
389909.44 291772.90 11.40
389909.44 291682.90 11.78
389909.44 291592.90 9.79
389909.44 291502.90 7.24
389909.44 291412.90 5.30
389909.44 291322.90 4.71
389909.44 291232.90 4.70
389909.44 291142.90 4.73
389909.44 291052.90 4.91
389909.44 290962.90 5.01
389909.44 290872.90 4.91
389909.44 290782.90 2.77
389909.44 290692.90 3.15
389909.44 290602.90 4.96
389909.44 290512.90 5.17
389909.44 290422.90 4.74
389999.44 294202.90 12.35
389999.44 294112.90 12.10
389999.44 294022.90 11.92
389999.44 293932.90 11.67
389999.44 293842.90 11.41
389999.44 293752.90 11.78
389999.44 293662.90 10.46
389999.44 293572.90 10.15
389999.44 293482.90 10.76
389999.44 293392.90 10.79
389999.44 293302.90 11.15
389999.44 293212.90 14.53
389999.44 293122.90 15.70
389999.44 293032.90 16.37
389999.44 292942.90 46.67
389999.44 292852.90 74.50
389999.44 292762.90 73.07
389999.44 292672.90 60.43
389999.44 292582.90 38.96
389999.44 292492.90 35.41
389999.44 292402.90 51.28
389999.44 292312.90 62.69
389999.44 292222.90 47.14
389999.44 292132.90 27.91
389999.44 292042.90 20.01
389999.44 291952.90 14.42
389999.44 291862.90 11.79
389999.44 291772.90 12.23
389999.44 291682.90 12.51
389999.44 291592.90 10.55
389999.44 291502.90 7.25
389999.44 291412.90 5.31
389999.44 291322.90 4.68
389999.44 291232.90 4.91
389999.44 291142.90 5.07
389999.44 291052.90 4.89
389999.44 290962.90 4.86
389999.44 290872.90 4.95
389999.44 290782.90 4.31
389999.44 290692.90 4.19
389999.44 290602.90 4.83
389999.44 290512.90 4.99
389999.44 290422.90 4.55
390089.44 294202.90 12.44
390089.44 294112.90 12.29
390089.44 294022.90 12.11
390089.44 293932.90 11.79
390089.44 293842.90 11.17
390089.44 293752.90 10.55
390089.44 293662.90 11.04
390089.44 293572.90 11.55
390089.44 293482.90 12.12
390089.44 293392.90 14.09
390089.44 293302.90 20.41
390089.44 293212.90 25.15
390089.44 293122.90 23.27
390089.44 293032.90 20.15
390089.44 292942.90 40.25
390089.44 292852.90 65.12
390089.44 292762.90 73.16
390089.44 292672.90 70.49
390089.44 292582.90 49.50
390089.44 292492.90 44.73
390089.44 292402.90 71.84
390089.44 292312.90 85.54
390089.44 292222.90 55.61
390089.44 292132.90 29.80
390089.44 292042.90 23.62
390089.44 291952.90 17.75
390089.44 291862.90 15.40
390089.44 291772.90 15.30
390089.44 291682.90 13.32
390089.44 291592.90 10.23
390089.44 291502.90 7.50
390089.44 291412.90 5.85
390089.44 291322.90 6.39
390089.44 291232.90 6.65
390089.44 291142.90 5.52
390089.44 291052.90 4.70
390089.44 290962.90 4.68
390089.44 290872.90 4.89
390089.44 290782.90 5.49
390089.44 290692.90 3.33
390089.44 290602.90 3.25
390089.44 290512.90 4.59
390089.44 290422.90 4.27
390089.44 290332.90 4.49
390179.44 294112.90 15.35
390179.44 294022.90 13.61
390179.44 293932.90 11.93
390179.44 293842.90 11.70
390179.44 293752.90 11.58
390179.44 293662.90 12.62
390179.44 293572.90 15.11
390179.44 293482.90 19.11
390179.44 293392.90 22.41
390179.44 293302.90 29.14
390179.44 293212.90 38.17
390179.44 293122.90 37.91
390179.44 293032.90 30.49
390179.44 292942.90 32.01
390179.44 292852.90 48.69
390179.44 292762.90 60.04
390179.44 292672.90 66.81
390179.44 292582.90 54.70
390179.44 292492.90 54.94
390179.44 292402.90 82.55
390179.44 292312.90 86.06
390179.44 292222.90 52.85
390179.44 292132.90 29.86
390179.44 292042.90 24.27
390179.44 291952.90 21.42
390179.44 291862.90 23.54
390179.44 291772.90 22.61
390179.44 291682.90 22.46
390179.44 291592.90 15.42
390179.44 291502.90 8.22
390179.44 291412.90 8.22
390179.44 291322.90 7.76
390179.44 291232.90 9.05
390179.44 291142.90 8.75
390179.44 291052.90 5.89
390179.44 290962.90 5.07
390179.44 290872.90 5.24
390179.44 290782.90 5.17
390179.44 290692.90 3.17
390179.44 290602.90 3.29
390179.44 290512.90 4.48
390179.44 290422.90 4.19
390179.44 290332.90 4.37
390269.44 294112.90 14.84
390269.44 294022.90 14.80
390269.44 293932.90 14.81
390269.44 293842.90 14.94
390269.44 293752.90 16.09
390269.44 293662.90 18.92
390269.44 293572.90 20.73
390269.44 293482.90 29.58
390269.44 293392.90 41.73
390269.44 293302.90 47.07
390269.44 293212.90 55.63
390269.44 293122.90 58.93
390269.44 293032.90 51.03
390269.44 292942.90 38.39
390269.44 292852.90 35.90
390269.44 292762.90 46.86
390269.44 292672.90 52.90
390269.44 292582.90 69.97
390269.44 292492.90 88.03
390269.44 292402.90 84.45
390269.44 292312.90 72.16
390269.44 292222.90 50.23
390269.44 292132.90 38.62
390269.44 292042.90 42.53
390269.44 291952.90 34.27
390269.44 291862.90 20.29
390269.44 291772.90 14.99
390269.44 291682.90 14.95
390269.44 291592.90 15.48
390269.44 291502.90 13.01
390269.44 291412.90 10.58
390269.44 291322.90 9.49
390269.44 291232.90 8.41
390269.44 291142.90 7.19
390269.44 291052.90 6.21
390269.44 290962.90 5.72
390269.44 290872.90 5.37
390269.44 290782.90 4.85
390269.44 290692.90 4.72
390269.44 290602.90 4.65
390269.44 290512.90 4.35
390269.44 290422.90 4.68
390269.44 290332.90 5.42
390269.44 290242.90 10.13
390359.44 294022.90 17.26
390359.44 293932.90 18.07
390359.44 293842.90 17.74
390359.44 293752.90 19.79
390359.44 293662.90 24.29
390359.44 293572.90 25.35
390359.44 293482.90 31.15
390359.44 293392.90 42.94
390359.44 293302.90 61.51
390359.44 293212.90 79.54
390359.44 293122.90 83.34
390359.44 293032.90 72.26
390359.44 292942.90 51.04
390359.44 292852.90 46.69
390359.44 292762.90 65.65
390359.44 292672.90 66.69
390359.44 292582.90 66.38
390359.44 292492.90 86.84
390359.44 292402.90 97.60
390359.44 292312.90 83.10
390359.44 292222.90 59.73
390359.44 292132.90 52.75
390359.44 292042.90 41.53
390359.44 291952.90 25.19
390359.44 291862.90 21.18
390359.44 291772.90 24.17
390359.44 291682.90 26.74
390359.44 291592.90 21.84
390359.44 291502.90 15.04
390359.44 291412.90 12.18
390359.44 291322.90 9.94
390359.44 291232.90 8.50
390359.44 291142.90 7.60
390359.44 291052.90 6.60
390359.44 290962.90 6.07
390359.44 290872.90 5.57
390359.44 290782.90 4.93
390359.44 290692.90 5.27
390359.44 290602.90 5.62
390359.44 290512.90 6.20
390359.44 290422.90 6.74
390359.44 290332.90 8.47
390359.44 290242.90 10.50
390449.44 293932.90 22.39
390449.44 293842.90 22.38
390449.44 293752.90 23.37
390449.44 293662.90 37.08
390449.44 293572.90 37.28
390449.44 293482.90 31.56
390449.44 293392.90 41.21
390449.44 293302.90 60.90
390449.44 293212.90 86.94
390449.44 293122.90 100.28
390449.44 293032.90 87.96
390449.44 292942.90 61.68
390449.44 292852.90 51.91
390449.44 292762.90 75.02
390449.44 292672.90 83.81
390449.44 292582.90 79.68
390449.44 292492.90 96.86
390449.44 292402.90 121.73
390449.44 292312.90 108.06
390449.44 292222.90 68.33
390449.44 292132.90 44.19
390449.44 292042.90 32.06
390449.44 291952.90 26.70
390449.44 291862.90 34.51
390449.44 291772.90 46.55
390449.44 291682.90 47.10
390449.44 291592.90 35.37
390449.44 291502.90 20.95
390449.44 291412.90 13.17
390449.44 291322.90 10.99
390449.44 291232.90 9.42
390449.44 291142.90 8.86
390449.44 291052.90 7.80
390449.44 290962.90 6.56
390449.44 290872.90 5.83
390449.44 290782.90 5.13
390449.44 290692.90 6.07
390449.44 290602.90 4.10
390449.44 290512.90 4.38
390449.44 290422.90 6.15
390449.44 290332.90 6.10
390449.44 290242.90 6.68
390449.44 290152.90 8.80
390539.44 293392.90 40.29
390539.44 293302.90 53.85
390539.44 293212.90 72.78
390539.44 293122.90 91.78
390539.44 293032.90 95.01
390539.44 292942.90 79.26
390539.44 292852.90 64.25
390539.44 292762.90 63.59
390539.44 292672.90 77.82
390539.44 292582.90 91.18
390539.44 292492.90 105.18
390539.44 292402.90 124.23
390539.44 292312.90 114.62
390539.44 292222.90 71.48
390539.44 292132.90 43.65
390539.44 292042.90 34.25
390539.44 291952.90 32.00
390539.44 291862.90 51.29
390539.44 291772.90 74.37
390539.44 291682.90 71.91
390539.44 291592.90 50.96
390539.44 291502.90 26.56
390539.44 291412.90 14.11
390539.44 291322.90 11.31
390539.44 291232.90 10.18
390539.44 291142.90 9.59
390539.44 291052.90 8.84
390539.44 290962.90 7.07
390539.44 290872.90 5.61
390539.44 290782.90 4.75
390539.44 290692.90 5.20
390539.44 290602.90 3.00
390539.44 290512.90 2.96
390539.44 290422.90 4.94
390539.44 290332.90 5.34
390539.44 290242.90 6.01
390539.44 290152.90 8.42
390629.44 293392.90 44.28
390629.44 293302.90 51.30
390629.44 293212.90 62.42
390629.44 293122.90 76.60
390629.44 293032.90 94.03
390629.44 292942.90 79.87
390629.44 292852.90 59.17
390629.44 292762.90 54.73
390629.44 292672.90 59.00
390629.44 292582.90 76.69
390629.44 292492.90 86.40
390629.44 292402.90 107.46
390629.44 292312.90 118.67
390629.44 292222.90 84.39
390629.44 292132.90 52.56
390629.44 292042.90 39.90
390629.44 291952.90 38.99
390629.44 291862.90 59.36
390629.44 291772.90 90.05
390629.44 291682.90 91.65
390629.44 291592.90 67.49
390629.44 291502.90 38.09
390629.44 291412.90 18.40
390629.44 291322.90 11.96
390629.44 291232.90 10.25
390629.44 291142.90 11.34
390629.44 291052.90 16.72
390629.44 290962.90 12.87
390629.44 290872.90 5.84
390629.44 290782.90 5.31
390629.44 290692.90 6.42
390629.44 290602.90 3.32
390629.44 290512.90 2.90
390629.44 290422.90 4.72
390629.44 290332.90 4.75
390629.44 290242.90 5.45
390629.44 290152.90 7.20
390629.44 290062.90 11.08
390719.44 293392.90 56.92
390719.44 293302.90 56.46
390719.44 293212.90 63.04
390719.44 293122.90 74.99
390719.44 293032.90 90.05
390719.44 292942.90 82.76
390719.44 292852.90 68.26
390719.44 292762.90 60.80
390719.44 292672.90 52.44
390719.44 292582.90 53.05
390719.44 292492.90 83.16
390719.44 292402.90 114.10
390719.44 292312.90 107.35
390719.44 292222.90 78.31
390719.44 292132.90 53.43
390719.44 292042.90 43.15
390719.44 291952.90 51.62
390719.44 291862.90 64.49
390719.44 291772.90 80.08
390719.44 291682.90 85.97
390719.44 291592.90 66.19
390719.44 291502.90 35.72
390719.44 291412.90 18.29
390719.44 291322.90 13.99
390719.44 291232.90 11.11
390719.44 291142.90 12.41
390719.44 291052.90 19.15
390719.44 290962.90 16.07
390719.44 290872.90 8.25
390719.44 290782.90 5.98
390719.44 290692.90 6.31
390719.44 290602.90 3.79
390719.44 290512.90 3.16
390719.44 290422.90 4.12
390719.44 290332.90 4.06
390719.44 290242.90 4.59
390719.44 290152.90 5.82
390719.44 290062.90 9.96
390719.44 289972.90 15.12
390809.44 293302.90 61.91
390809.44 293212.90 61.44
390809.44 293122.90 68.66
390809.44 293032.90 83.09
390809.44 292942.90 82.14
390809.44 292852.90 70.22
390809.44 292762.90 66.64
390809.44 292672.90 56.74
390809.44 292582.90 46.50
390809.44 292492.90 56.17
390809.44 292402.90 79.26
390809.44 292312.90 87.59
390809.44 292222.90 65.38
390809.44 292132.90 55.16
390809.44 292042.90 59.69
390809.44 291952.90 63.53
390809.44 291862.90 74.47
390809.44 291772.90 80.58
390809.44 291682.90 77.74
390809.44 291592.90 72.20
390809.44 291502.90 44.27
390809.44 291412.90 24.55
390809.44 291322.90 20.36
390809.44 291232.90 12.53
390809.44 291142.90 8.63
390809.44 291052.90 9.25
390809.44 290962.90 9.12
390809.44 290872.90 7.95
390809.44 290782.90 6.14
390809.44 290692.90 5.12
390809.44 290602.90 4.46
390809.44 290512.90 4.29
390809.44 290422.90 3.98
390809.44 290332.90 3.85
390809.44 290242.90 4.60
390809.44 290152.90 6.64
390809.44 290062.90 11.37
390809.44 289972.90 16.69
390899.44 293302.90 62.88
390899.44 293212.90 58.04
390899.44 293122.90 57.61
390899.44 293032.90 72.98
390899.44 292942.90 95.83
390899.44 292852.90 90.80
390899.44 292762.90 65.76
390899.44 292672.90 56.42
390899.44 292582.90 46.91
390899.44 292492.90 36.50
390899.44 292402.90 44.00
390899.44 292312.90 54.95
390899.44 292222.90 44.51
390899.44 292132.90 49.14
390899.44 292042.90 61.92
390899.44 291952.90 62.89
390899.44 291862.90 62.92
390899.44 291772.90 54.37
390899.44 291682.90 46.16
390899.44 291592.90 47.86
390899.44 291502.90 31.36
390899.44 291412.90 14.33
390899.44 291322.90 12.72
390899.44 291232.90 10.09
390899.44 291142.90 6.97
390899.44 291052.90 6.32
390899.44 290962.90 6.57
390899.44 290872.90 6.97
390899.44 290782.90 6.04
390899.44 290692.90 5.51
390899.44 290602.90 5.68
390899.44 290512.90 3.44
390899.44 290422.90 2.87
390899.44 290332.90 3.50
390899.44 290242.90 4.06
390899.44 290152.90 7.15
390899.44 290062.90 11.65
390899.44 289972.90 15.15
390899.44 289882.90 18.09
390989.44 293302.90 42.00
390989.44 293212.90 40.65
390989.44 293122.90 44.97
390989.44 293032.90 58.60
390989.44 292942.90 86.52
390989.44 292852.90 89.99
390989.44 292762.90 73.53
390989.44 292672.90 68.77
390989.44 292582.90 57.46
390989.44 292492.90 35.63
390989.44 292402.90 24.47
390989.44 292312.90 22.86
390989.44 292222.90 30.69
390989.44 292132.90 47.32
390989.44 292042.90 46.55
390989.44 291952.90 35.82
390989.44 291862.90 32.97
390989.44 291772.90 30.91
390989.44 291682.90 25.00
390989.44 291592.90 18.72
390989.44 291502.90 12.54
390989.44 291412.90 8.48
390989.44 291322.90 6.96
390989.44 291232.90 6.13
390989.44 291142.90 5.49
390989.44 291052.90 4.99
390989.44 290962.90 5.19
390989.44 290872.90 5.16
390989.44 290782.90 5.36
390989.44 290692.90 5.58
390989.44 290602.90 5.88
390989.44 290512.90 3.58
390989.44 290422.90 3.64
390989.44 290332.90 4.33
390989.44 290242.90 4.05
390989.44 290152.90 4.83
390989.44 290062.90 10.16
390989.44 289972.90 16.34
390989.44 289882.90 21.79
391079.44 293212.90 35.70
391079.44 293122.90 35.57
391079.44 293032.90 46.21
391079.44 292942.90 63.64
391079.44 292852.90 70.99
391079.44 292762.90 67.38
391079.44 292672.90 58.58
391079.44 292582.90 46.06
391079.44 292492.90 33.08
391079.44 292402.90 24.48
391079.44 292312.90 20.84
391079.44 292222.90 23.77
391079.44 292132.90 33.49
391079.44 292042.90 35.76
391079.44 291952.90 30.01
391079.44 291862.90 22.91
391079.44 291772.90 17.71
391079.44 291682.90 14.13
391079.44 291592.90 11.37
391079.44 291502.90 9.80
391079.44 291412.90 7.28
391079.44 291322.90 5.39
391079.44 291232.90 4.96
391079.44 291142.90 5.09
391079.44 291052.90 5.14
391079.44 290962.90 4.65
391079.44 290872.90 4.79
391079.44 290782.90 4.96
391079.44 290692.90 4.59
391079.44 290602.90 5.29
391079.44 290512.90 5.38
391079.44 290422.90 3.68
391079.44 290332.90 3.71
391079.44 290242.90 5.53
391079.44 290152.90 6.74
391079.44 290062.90 10.23
391079.44 289972.90 13.63
391079.44 289882.90 18.66
391079.44 289792.90 24.35
391169.44 293212.90 32.42
391169.44 293122.90 29.22
391169.44 293032.90 35.84
391169.44 292942.90 48.45
391169.44 292852.90 53.11
391169.44 292762.90 51.60
391169.44 292672.90 45.90
391169.44 292582.90 41.41
391169.44 292492.90 39.99
391169.44 292402.90 33.34
391169.44 292312.90 22.91
391169.44 292222.90 18.23
391169.44 292132.90 18.29
391169.44 292042.90 21.05
391169.44 291952.90 22.91
391169.44 291862.90 20.82
391169.44 291772.90 17.58
391169.44 291682.90 13.19
391169.44 291592.90 9.50
391169.44 291502.90 6.83
391169.44 291412.90 5.65
391169.44 291322.90 6.04
391169.44 291232.90 6.61
391169.44 291142.90 6.46
391169.44 291052.90 5.27
391169.44 290962.90 4.77
391169.44 290872.90 5.15
391169.44 290782.90 6.56
391169.44 290692.90 5.69
391169.44 290602.90 4.55
391169.44 290512.90 4.90
391169.44 290422.90 4.64
391169.44 290332.90 4.07
391169.44 290242.90 4.33
391169.44 290152.90 5.43
391169.44 290062.90 7.44
391169.44 289972.90 10.62
391169.44 289882.90 13.90
391169.44 289792.90 17.79
391259.44 293212.90 28.13
391259.44 293122.90 25.90
391259.44 293032.90 27.19
391259.44 292942.90 36.96
391259.44 292852.90 44.56
391259.44 292762.90 47.58
391259.44 292672.90 41.70
391259.44 292582.90 34.89
391259.44 292492.90 38.08
391259.44 292402.90 39.96
391259.44 292312.90 34.57
391259.44 292222.90 21.99
391259.44 292132.90 13.74
391259.44 292042.90 13.62
391259.44 291952.90 12.66
391259.44 291862.90 12.44
391259.44 291772.90 11.16
391259.44 291682.90 8.28
391259.44 291592.90 6.97
391259.44 291502.90 6.59
391259.44 291412.90 6.51
391259.44 291322.90 8.12
391259.44 291232.90 9.60
391259.44 291142.90 8.39
391259.44 291052.90 6.03
391259.44 290962.90 5.72
391259.44 290872.90 5.83
391259.44 290782.90 5.74
391259.44 290692.90 4.77
391259.44 290602.90 4.40
391259.44 290512.90 4.67
391259.44 290422.90 2.65
391259.44 290332.90 2.76
391259.44 290242.90 3.86
391259.44 290152.90 3.86
391259.44 290062.90 5.12
391259.44 289972.90 6.79
391259.44 289882.90 8.88
391259.44 289792.90 11.01
391259.44 289702.90 23.26
391349.44 293212.90 25.26
391349.44 293122.90 22.93
391349.44 293032.90 22.00
391349.44 292942.90 28.88
391349.44 292852.90 38.02
391349.44 292762.90 45.51
391349.44 292672.90 44.84
391349.44 292582.90 37.39
391349.44 292492.90 33.39
391349.44 292402.90 34.58
391349.44 292312.90 32.66
391349.44 292222.90 24.88
391349.44 292132.90 15.87
391349.44 292042.90 11.47
391349.44 291952.90 10.82
391349.44 291862.90 9.63
391349.44 291772.90 8.02
391349.44 291682.90 7.57
391349.44 291592.90 7.72
391349.44 291502.90 8.37
391349.44 291412.90 8.47
391349.44 291322.90 10.42
391349.44 291232.90 14.44
391349.44 291142.90 13.95
391349.44 291052.90 8.80
391349.44 290962.90 6.72
391349.44 290872.90 6.26
391349.44 290782.90 5.75
391349.44 290692.90 4.87
391349.44 290602.90 4.10
391349.44 290512.90 3.90
391349.44 290422.90 3.00
391349.44 290332.90 3.29
391349.44 290242.90 4.40
391349.44 290152.90 3.99
391349.44 290062.90 3.85
391349.44 289972.90 4.62
391349.44 289882.90 5.89
391349.44 289792.90 9.54
391349.44 289702.90 20.73
391439.44 293122.90 22.78
391439.44 293032.90 21.97
391439.44 292942.90 23.96
391439.44 292852.90 30.80
391439.44 292762.90 39.86
391439.44 292672.90 45.87
391439.44 292582.90 43.16
391439.44 292492.90 30.71
391439.44 292402.90 22.97
391439.44 292312.90 20.35
391439.44 292222.90 17.52
391439.44 292132.90 14.81
391439.44 292042.90 12.24
391439.44 291952.90 10.66
391439.44 291862.90 9.77
391439.44 291772.90 9.17
391439.44 291682.90 9.36
391439.44 291592.90 11.47
391439.44 291502.90 13.65
391439.44 291412.90 13.59
391439.44 291322.90 15.06
391439.44 291232.90 17.57
391439.44 291142.90 14.20
391439.44 291052.90 13.32
391439.44 290962.90 11.07
391439.44 290872.90 6.96
391439.44 290782.90 5.44
391439.44 290692.90 4.67
391439.44 290602.90 4.11
391439.44 290512.90 3.88
391439.44 290422.90 3.85
391439.44 290332.90 2.77
391439.44 290242.90 3.57
391439.44 290152.90 4.62
391439.44 290062.90 3.90
391439.44 289972.90 3.80
391439.44 289882.90 4.66
391439.44 289792.90 6.49
391439.44 289702.90 13.01
391439.44 289612.90 24.41
391529.44 293122.90 21.89
391529.44 293032.90 19.37
391529.44 292942.90 18.98
391529.44 292852.90 23.41
391529.44 292762.90 33.79
391529.44 292672.90 36.81
391529.44 292582.90 34.44
391529.44 292492.90 27.50
391529.44 292402.90 21.96
391529.44 292312.90 21.82
391529.44 292222.90 19.33
391529.44 292132.90 17.65
391529.44 292042.90 16.15
391529.44 291952.90 13.27
391529.44 291862.90 12.62
391529.44 291772.90 12.02
391529.44 291682.90 11.13
391529.44 291592.90 13.85
391529.44 291502.90 16.94
391529.44 291412.90 17.32
391529.44 291322.90 17.96
391529.44 291232.90 18.76
391529.44 291142.90 15.06
391529.44 291052.90 10.73
391529.44 290962.90 8.88
391529.44 290872.90 7.19
391529.44 290782.90 6.99
391529.44 290692.90 6.76
391529.44 290602.90 4.86
391529.44 290512.90 3.80
391529.44 290422.90 3.90
391529.44 290332.90 2.32
391529.44 290242.90 3.25
391529.44 290152.90 4.75
391529.44 290062.90 3.86
391529.44 289972.90 3.26
391529.44 289882.90 3.96
391529.44 289792.90 5.41
391529.44 289702.90 15.85
391529.44 289612.90 26.25
391619.44 293122.90 25.84
391619.44 293032.90 19.96
391619.44 292942.90 17.88
391619.44 292852.90 19.28
391619.44 292762.90 22.58
391619.44 292672.90 25.35
391619.44 292582.90 25.95
391619.44 292492.90 26.09
391619.44 292402.90 25.09
391619.44 292312.90 26.98
391619.44 292222.90 24.95
391619.44 292132.90 20.61
391619.44 292042.90 18.42
391619.44 291952.90 15.96
391619.44 291862.90 15.89
391619.44 291772.90 14.31
391619.44 291682.90 12.45
391619.44 291592.90 14.54
391619.44 291502.90 18.92
391619.44 291412.90 20.86
391619.44 291322.90 20.50
391619.44 291232.90 19.44
391619.44 291142.90 16.11
391619.44 291052.90 12.85
391619.44 290962.90 9.97
391619.44 290872.90 7.64
391619.44 290782.90 8.72
391619.44 290692.90 8.66
391619.44 290602.90 6.02
391619.44 290512.90 4.48
391619.44 290422.90 4.19
391619.44 290332.90 2.23
391619.44 290242.90 3.17
391619.44 290152.90 4.69
391619.44 290062.90 3.76
391619.44 289972.90 3.19
391619.44 289882.90 3.70
391619.44 289792.90 7.56
391619.44 289702.90 18.89
391619.44 289612.90 27.30
391619.44 289522.90 30.52
391709.44 293032.90 21.46
391709.44 292942.90 17.48
391709.44 292852.90 19.13
391709.44 292762.90 23.42
391709.44 292672.90 29.29
391709.44 292582.90 33.65
391709.44 292492.90 35.70
391709.44 292402.90 37.61
391709.44 292312.90 38.37
391709.44 292222.90 33.05
391709.44 292132.90 26.32
391709.44 292042.90 23.12
391709.44 291952.90 20.61
391709.44 291862.90 19.09
391709.44 291772.90 16.65
391709.44 291682.90 15.59
391709.44 291592.90 18.95
391709.44 291502.90 31.43
391709.44 291412.90 37.92
391709.44 291322.90 29.65
391709.44 291232.90 21.29
391709.44 291142.90 17.07
391709.44 291052.90 13.08
391709.44 290962.90 10.52
391709.44 290872.90 9.66
391709.44 290782.90 11.45
391709.44 290692.90 10.99
391709.44 290602.90 8.14
391709.44 290512.90 5.41
391709.44 290422.90 3.90
391709.44 290332.90 2.16
391709.44 290242.90 3.02
391709.44 290152.90 4.61
391709.44 290062.90 3.70
391709.44 289972.90 2.96
391709.44 289882.90 3.52
391709.44 289792.90 5.60
391709.44 289702.90 14.15
391709.44 289612.90 22.36
391709.44 289522.90 24.43
391799.44 293032.90 14.10
391799.44 292942.90 15.06
391799.44 292852.90 21.52
391799.44 292762.90 26.84
391799.44 292672.90 34.48
391799.44 292582.90 42.65
391799.44 292492.90 48.01
391799.44 292402.90 54.41
391799.44 292312.90 54.41
391799.44 292222.90 41.45
391799.44 292132.90 33.11
391799.44 292042.90 30.14
391799.44 291952.90 26.18
391799.44 291862.90 22.13
391799.44 291772.90 18.25
391799.44 291682.90 19.89
391799.44 291592.90 25.55
391799.44 291502.90 35.14
391799.44 291412.90 39.10
391799.44 291322.90 29.07
391799.44 291232.90 18.40
391799.44 291142.90 14.24
391799.44 291052.90 13.33
391799.44 290962.90 12.13
391799.44 290872.90 10.60
391799.44 290782.90 11.34
391799.44 290692.90 10.70
391799.44 290602.90 8.07
391799.44 290512.90 5.75
391799.44 290422.90 4.10
391799.44 290332.90 2.31
391799.44 290242.90 3.32
391799.44 290152.90 4.54
391799.44 290062.90 3.46
391799.44 289972.90 2.97
391799.44 289882.90 3.63
391799.44 289792.90 4.63
391799.44 289702.90 9.62
391799.44 289612.90 17.52
391799.44 289522.90 22.58
391799.44 289432.90 22.68
391889.44 293032.90 12.98
391889.44 292942.90 16.47
391889.44 292852.90 22.39
391889.44 292762.90 31.27
391889.44 292672.90 41.53
391889.44 292582.90 54.82
391889.44 292492.90 68.92
391889.44 292402.90 81.81
391889.44 292312.90 82.10
391889.44 292222.90 54.71
391889.44 292132.90 39.09
391889.44 292042.90 35.83
391889.44 291952.90 27.64
391889.44 291862.90 22.85
391889.44 291772.90 20.70
391889.44 291682.90 23.52
391889.44 291592.90 28.15
391889.44 291502.90 34.95
391889.44 291412.90 37.16
391889.44 291322.90 27.27
391889.44 291232.90 16.41
391889.44 291142.90 11.78
391889.44 291052.90 10.53
391889.44 290962.90 9.96
391889.44 290872.90 9.24
391889.44 290782.90 8.68
391889.44 290692.90 8.36
391889.44 290602.90 6.91
391889.44 290512.90 5.23
391889.44 290422.90 4.33
391889.44 290332.90 3.86
391889.44 290242.90 4.20
391889.44 290152.90 4.11
391889.44 290062.90 3.37
391889.44 289972.90 3.34
391889.44 289882.90 3.92
391889.44 289792.90 5.07
391889.44 289702.90 7.77
391889.44 289612.90 11.80
391889.44 289522.90 14.59
391889.44 289432.90 16.23
391979.44 292942.90 16.80
391979.44 292852.90 27.31
391979.44 292762.90 39.36
391979.44 292672.90 56.86
391979.44 292582.90 71.78
391979.44 292492.90 93.30
391979.44 292402.90 121.00
391979.44 292312.90 119.81
391979.44 292222.90 75.78
391979.44 292132.90 47.84
391979.44 292042.90 39.32
391979.44 291952.90 30.10
391979.44 291862.90 26.20
391979.44 291772.90 25.62
391979.44 291682.90 28.02
391979.44 291592.90 29.14
391979.44 291502.90 34.28
391979.44 291412.90 36.45
391979.44 291322.90 25.50
391979.44 291232.90 14.97
391979.44 291142.90 11.58
391979.44 291052.90 10.30
391979.44 290962.90 8.57
391979.44 290872.90 7.71
391979.44 290782.90 7.71
391979.44 290692.90 6.56
391979.44 290602.90 5.52
391979.44 290512.90 5.15
391979.44 290422.90 5.14
391979.44 290332.90 3.81
391979.44 290242.90 3.19
391979.44 290152.90 4.06
391979.44 290062.90 4.37
391979.44 289972.90 4.05
391979.44 289882.90 4.15
391979.44 289792.90 4.86
391979.44 289702.90 6.45
391979.44 289612.90 8.25
391979.44 289522.90 10.34
391979.44 289432.90 12.66
391979.44 289342.90 18.15
392069.44 292942.90 17.98
392069.44 292852.90 29.35
392069.44 292762.90 44.95
392069.44 292672.90 67.24
392069.44 292582.90 94.88
392069.44 292492.90 132.79
392069.44 292402.90 140.16
392069.44 292312.90 115.33
392069.44 292222.90 85.80
392069.44 292132.90 64.85
392069.44 292042.90 58.48
392069.44 291952.90 48.12
392069.44 291862.90 40.54
392069.44 291772.90 35.80
392069.44 291682.90 30.49
392069.44 291592.90 27.53
392069.44 291502.90 33.70
392069.44 291412.90 38.32
392069.44 291322.90 26.68
392069.44 291232.90 14.47
392069.44 291142.90 10.04
392069.44 291052.90 8.71
392069.44 290962.90 8.48
392069.44 290872.90 7.85
392069.44 290782.90 6.76
392069.44 290692.90 6.30
392069.44 290602.90 5.66
392069.44 290512.90 4.59
392069.44 290422.90 5.20
392069.44 290332.90 5.05
392069.44 290242.90 2.38
392069.44 290152.90 2.85
392069.44 290062.90 4.69
392069.44 289972.90 5.81
392069.44 289882.90 9.30
392069.44 289792.90 9.90
392069.44 289702.90 8.62
392069.44 289612.90 9.00
392069.44 289522.90 10.41
392069.44 289432.90 12.30
392069.44 289342.90 18.84
392069.44 289252.90 28.81
392159.44 292942.90 18.00
392159.44 292852.90 33.22
392159.44 292762.90 59.42
392159.44 292672.90 89.06
392159.44 292582.90 123.08
392159.44 292492.90 153.82
392159.44 292402.90 154.17
392159.44 292312.90 135.60
392159.44 292222.90 103.18
392159.44 292132.90 82.71
392159.44 292042.90 69.03
392159.44 291952.90 52.94
392159.44 291862.90 46.94
392159.44 291772.90 45.08
392159.44 291682.90 34.70
392159.44 291592.90 26.45
392159.44 291502.90 29.46
392159.44 291412.90 30.78
392159.44 291322.90 21.16
392159.44 291232.90 12.49
392159.44 291142.90 9.07
392159.44 291052.90 7.59
392159.44 290962.90 8.01
392159.44 290872.90 7.64
392159.44 290782.90 6.93
392159.44 290692.90 6.25
392159.44 290602.90 5.34
392159.44 290512.90 4.61
392159.44 290422.90 4.43
392159.44 290332.90 4.43
392159.44 290242.90 2.14
392159.44 290152.90 2.88
392159.44 290062.90 6.60
392159.44 289972.90 16.60
392159.44 289882.90 22.17
392159.44 289792.90 21.33
392159.44 289702.90 18.35
392159.44 289612.90 13.95
392159.44 289522.90 12.48
392159.44 289432.90 13.31
392159.44 289342.90 19.82
392159.44 289252.90 32.12
392249.44 292942.90 27.20
392249.44 292852.90 58.69
392249.44 292762.90 78.06
392249.44 292672.90 103.71
392249.44 292582.90 113.07
392249.44 292492.90 113.59
392249.44 292402.90 118.34
392249.44 292312.90 105.91
392249.44 292222.90 88.37
392249.44 292132.90 75.61
392249.44 292042.90 67.77
392249.44 291952.90 61.87
392249.44 291862.90 53.01
392249.44 291772.90 53.48
392249.44 291682.90 46.11
392249.44 291592.90 29.53
392249.44 291502.90 22.15
392249.44 291412.90 17.53
392249.44 291322.90 13.29
392249.44 291232.90 10.47
392249.44 291142.90 8.19
392249.44 291052.90 6.73
392249.44 290962.90 6.38
392249.44 290872.90 6.79
392249.44 290782.90 6.73
392249.44 290692.90 6.17
392249.44 290602.90 5.18
392249.44 290512.90 4.30
392249.44 290422.90 4.22
392249.44 290332.90 4.35
392249.44 290242.90 2.10
392249.44 290152.90 2.62
392249.44 290062.90 9.41
392249.44 289972.90 24.48
392249.44 289882.90 34.07
392249.44 289792.90 31.37
392249.44 289702.90 28.42
392249.44 289612.90 24.56
392249.44 289522.90 19.62
392249.44 289432.90 18.85
392249.44 289342.90 28.17
392249.44 289252.90 41.30
392249.44 289162.90 50.69
392339.44 292852.90 80.87
392339.44 292762.90 119.92
392339.44 292672.90 117.61
392339.44 292582.90 89.93
392339.44 292492.90 86.47
392339.44 292402.90 82.09
392339.44 292312.90 69.54
392339.44 292222.90 75.70
392339.44 292132.90 81.85
392339.44 292042.90 66.19
392339.44 291952.90 48.54
392339.44 291862.90 38.90
392339.44 291772.90 37.71
392339.44 291682.90 41.73
392339.44 291592.90 39.03
392339.44 291502.90 25.43
392339.44 291412.90 15.64
392339.44 291322.90 12.82
392339.44 291232.90 9.80
392339.44 291142.90 7.63
392339.44 291052.90 6.99
392339.44 290962.90 6.28
392339.44 290872.90 6.52
392339.44 290782.90 6.77
392339.44 290692.90 5.79
392339.44 290602.90 5.81
392339.44 290512.90 5.43
392339.44 290422.90 4.32
392339.44 290332.90 3.92
392339.44 290242.90 2.00
392339.44 290152.90 2.94
392339.44 290062.90 4.90
392339.44 289972.90 12.09
392339.44 289882.90 30.73
392339.44 289792.90 37.18
392339.44 289702.90 40.65
392339.44 289612.90 36.04
392339.44 289522.90 27.34
392339.44 289432.90 26.64
392339.44 289342.90 37.95
392339.44 289252.90 50.96
392339.44 289162.90 56.39
392429.44 292852.90 107.06
392429.44 292762.90 112.51
392429.44 292672.90 93.68
392429.44 292582.90 69.71
392429.44 292492.90 52.96
392429.44 292402.90 49.20
392429.44 292312.90 44.16
392429.44 292222.90 69.45
392429.44 292132.90 94.94
392429.44 292042.90 89.81
392429.44 291952.90 65.00
392429.44 291862.90 34.84
392429.44 291772.90 25.13
392429.44 291682.90 27.34
392429.44 291592.90 27.68
392429.44 291502.90 22.81
392429.44 291412.90 16.94
392429.44 291322.90 13.38
392429.44 291232.90 11.78
392429.44 291142.90 12.61
392429.44 291052.90 13.44
392429.44 290962.90 13.63
392429.44 290872.90 11.74
392429.44 290782.90 12.20
392429.44 290692.90 13.93
392429.44 290602.90 11.88
392429.44 290512.90 6.69
392429.44 290422.90 3.56
392429.44 290332.90 3.62
392429.44 290242.90 3.78
392429.44 290152.90 1.87
392429.44 290062.90 2.36
392429.44 289972.90 4.03
392429.44 289882.90 4.38
392429.44 289792.90 4.59
392429.44 289702.90 7.36
392429.44 289612.90 9.06
392429.44 289522.90 5.82
392429.44 289432.90 16.63
392429.44 289342.90 28.84
392429.44 289252.90 32.71
392429.44 289162.90 33.28
392429.44 289072.90 31.98
392519.44 292762.90 102.24
392519.44 292672.90 83.47
392519.44 292582.90 66.17
392519.44 292492.90 45.47
392519.44 292402.90 33.96
392519.44 292312.90 35.97
392519.44 292222.90 54.60
392519.44 292132.90 73.70
392519.44 292042.90 64.28
392519.44 291952.90 44.61
392519.44 291862.90 26.38
392519.44 291772.90 17.54
392519.44 291682.90 18.54
392519.44 291592.90 20.53
392519.44 291502.90 20.69
392519.44 291412.90 13.84
392519.44 291322.90 9.97
392519.44 291232.90 9.92
392519.44 291142.90 5.95
392519.44 291052.90 2.28
392519.44 290962.90 1.33
392519.44 290872.90 4.61
392519.44 290782.90 6.25
392519.44 290692.90 2.99
392519.44 290602.90 0.84
392519.44 290512.90 0.63
392519.44 290422.90 0.95
392519.44 290332.90 3.65
392519.44 290242.90 5.82
392519.44 290152.90 4.65
392519.44 290062.90 3.62
392519.44 289972.90 3.77
392519.44 289882.90 3.60
392519.44 289792.90 3.72
392519.44 289702.90 3.87
392519.44 289612.90 4.31
392519.44 289522.90 3.70
392519.44 289432.90 3.91
392519.44 289342.90 12.06
392519.44 289252.90 17.05
392519.44 289162.90 15.66
392519.44 289072.90 14.76
392609.44 292582.90 52.06
392609.44 292492.90 37.14
392609.44 292402.90 34.19
392609.44 292312.90 27.98
392609.44 292222.90 38.95
392609.44 292132.90 54.79
392609.44 292042.90 46.14
392609.44 291952.90 29.05
392609.44 291862.90 17.51
392609.44 291772.90 15.32
392609.44 291682.90 16.70
392609.44 291592.90 17.99
392609.44 291502.90 12.80
392609.44 291412.90 4.66
392609.44 291322.90 1.36
392609.44 291232.90 1.32
392609.44 291142.90 4.65
392609.44 291052.90 5.51
392609.44 290962.90 4.11
392609.44 290872.90 5.39
392609.44 290782.90 6.58
392609.44 290692.90 6.22
392609.44 290602.90 7.37
392609.44 290512.90 7.55
392609.44 290422.90 4.04
392609.44 290332.90 1.12
392609.44 290242.90 0.58
392609.44 290152.90 0.62
392609.44 290062.90 2.71
392609.44 289972.90 4.79
392609.44 289882.90 4.43
392609.44 289792.90 3.78
392609.44 289702.90 3.81
392609.44 289612.90 3.94
392609.44 289522.90 4.14
392609.44 289432.90 5.04
392609.44 289342.90 7.10
392609.44 289252.90 6.49
392609.44 289162.90 4.71
392609.44 289072.90 5.31
392699.44 292222.90 28.39
392699.44 292132.90 45.29
392699.44 292042.90 48.29
392699.44 291952.90 32.00
392699.44 291862.90 16.07
392699.44 291772.90 12.08
392699.44 291682.90 10.09
392699.44 291592.90 7.78
392699.44 291502.90 4.08
392699.44 291412.90 3.27
392699.44 291322.90 5.98
392699.44 291232.90 6.23
392699.44 291142.90 5.56
392699.44 291052.90 5.23
392699.44 290962.90 4.17
392699.44 290872.90 5.01
392699.44 290782.90 6.12
392699.44 290692.90 5.86
392699.44 290602.90 5.42
392699.44 290512.90 5.22
392699.44 290422.90 3.58
392699.44 290332.90 2.87
392699.44 290242.90 4.19
392699.44 290152.90 4.51
392699.44 290062.90 2.15
392699.44 289972.90 0.52
392699.44 289882.90 0.30
392699.44 289792.90 1.40
392699.44 289702.90 3.80
392699.44 289612.90 4.95
392699.44 289522.90 4.90
392699.44 289432.90 5.48
392699.44 289342.90 5.71
392699.44 289252.90 5.25
392699.44 289162.90 3.72
392699.44 289072.90 2.58
392789.44 291682.90 5.59
392789.44 291592.90 2.51
392789.44 291502.90 5.22
392789.44 291412.90 8.06
392789.44 291322.90 6.37
392789.44 291232.90 5.55
392789.44 291142.90 5.48
392789.44 291052.90 5.13
392789.44 290962.90 5.49
392789.44 290872.90 5.91
392789.44 290782.90 5.82
392789.44 290692.90 5.81
392789.44 290602.90 5.22
392789.44 290512.90 3.81
392789.44 290422.90 3.00
392789.44 290332.90 3.36
392789.44 290242.90 6.78
392789.44 290152.90 10.54
392789.44 290062.90 8.25
392789.44 289972.90 4.68
392789.44 289882.90 2.03
392789.44 289792.90 0.59
392789.44 289702.90 0.49
392789.44 289612.90 0.46
392789.44 289522.90 2.15
392789.44 289432.90 4.14
392789.44 289342.90 5.36
392789.44 289252.90 5.85
392789.44 289162.90 5.08
392789.44 289072.90 3.33
392879.44 291232.90 5.68
392879.44 291142.90 5.64
392879.44 291052.90 5.73
392879.44 290962.90 6.10
392879.44 290872.90 5.98
392879.44 290782.90 5.85
392879.44 290692.90 6.89
392879.44 290602.90 5.55
392879.44 290512.90 3.86
392879.44 290422.90 3.80
392879.44 290332.90 4.30
392879.44 290242.90 5.61
392879.44 290152.90 8.83
392879.44 290062.90 9.07
392879.44 289972.90 6.83
392879.44 289882.90 5.62
392879.44 289792.90 5.79
392879.44 289702.90 3.63
392879.44 289612.90 1.06
392879.44 289522.90 0.54
392879.44 289432.90 0.43
392879.44 289342.90 2.50
392879.44 289252.90 4.51
392879.44 289162.90 5.15
392879.44 289072.90 5.46
392969.44 290692.90 11.90
392969.44 290602.90 12.02
392969.44 290512.90 6.80
392969.44 290422.90 5.40
392969.44 290332.90 5.74
392969.44 290242.90 8.00
392969.44 290152.90 13.87
392969.44 290062.90 14.14
392969.44 289972.90 8.43
392969.44 289882.90 5.18
392969.44 289792.90 4.15
392969.44 289702.90 3.81
392969.44 289612.90 5.04
392969.44 289522.90 5.56
392969.44 289432.90 2.78
392969.44 289342.90 0.67
392969.44 289252.90 0.31
392969.44 289162.90 0.21
393059.44 290242.90 9.30
393059.44 290152.90 9.59
393059.44 290062.90 11.14
393059.44 289972.90 8.76
393059.44 289882.90 5.30
393059.44 289792.90 4.28
393059.44 289702.90 4.10
393059.44 289612.90 4.97
393059.44 289522.90 5.80
393059.44 289432.90 7.25
393059.44 289342.90 6.30
393059.44 289252.90 2.96
393149.44 289702.90 9.07
393149.44 289612.90 8.27
393149.44 289522.90 6.78
393149.44 289432.90 5.94
