383857.07 280819.69 28.02
383857.07 280729.69 35.68
383857.07 280639.69 51.18
383857.07 280549.69 48.04
383947.07 280999.69 25.86
383947.07 280909.69 24.26
383947.07 280819.69 22.79
383947.07 280729.69 23.07
383947.07 280639.69 26.37
383947.07 280549.69 27.23
383947.07 280459.69 27.03
383947.07 280369.69 24.77
383947.07 280279.69 22.65
384037.07 281089.69 26.49
384037.07 280999.69 25.02
384037.07 280909.69 23.62
384037.07 280819.69 21.67
384037.07 280729.69 19.46
384037.07 280639.69 17.16
384037.07 280549.69 17.89
384037.07 280459.69 19.25
384037.07 280369.69 18.68
384037.07 280279.69 18.23
384037.07 280189.69 18.88
384037.07 280099.69 21.06
384127.07 281269.69 29.37
384127.07 281179.69 27.48
384127.07 281089.69 25.68
384127.07 280999.69 24.24
384127.07 280909.69 22.65
384127.07 280819.69 20.95
384127.07 280729.69 18.94
384127.07 280639.69 16.31
384127.07 280549.69 15.54
384127.07 280459.69 15.20
384127.07 280369.69 15.14
384127.07 280279.69 15.62
384127.07 280189.69 16.47
384127.07 280099.69 17.33
384127.07 280009.69 18.08
384127.07 279919.69 21.29
384217.07 281359.69 30.19
384217.07 281269.69 28.56
384217.07 281179.69 27.13
384217.07 281089.69 25.42
384217.07 280999.69 23.39
384217.07 280909.69 22.18
384217.07 280819.69 20.14
384217.07 280729.69 18.44
384217.07 280639.69 16.14
384217.07 280549.69 14.30
384217.07 280459.69 13.23
384217.07 280369.69 12.76
384217.07 280279.69 12.70
384217.07 280189.69 13.92
384217.07 280099.69 14.88
384217.07 280009.69 15.18
384217.07 279919.69 16.04
384217.07 279829.69 19.71
384217.07 279739.69 24.04
384217.07 279649.69 29.11
384307.07 281449.69 34.94
384307.07 281359.69 30.52
384307.07 281269.69 27.93
384307.07 281179.69 26.33
384307.07 281089.69 24.72
384307.07 280999.69 22.80
384307.07 280909.69 21.19
384307.07 280819.69 19.22
384307.07 280729.69 17.15
384307.07 280639.69 14.47
384307.07 280549.69 13.30
384307.07 280459.69 12.11
384307.07 280369.69 10.92
384307.07 280279.69 10.41
384307.07 280189.69 11.24
384307.07 280099.69 12.27
384307.07 280009.69 12.85
384307.07 279919.69 13.06
384307.07 279829.69 14.05
384307.07 279739.69 14.77
384307.07 279649.69 16.34
384307.07 279559.69 19.26
384307.07 279469.69 24.08
384397.07 281539.69 46.24
384397.07 281449.69 39.31
384397.07 281359.69 32.70
384397.07 281269.69 28.54
384397.07 281179.69 26.16
384397.07 281089.69 24.13
384397.07 280999.69 22.77
384397.07 280909.69 20.96
384397.07 280819.69 19.28
384397.07 280729.69 17.15
384397.07 280639.69 14.51
384397.07 280549.69 13.12
384397.07 280459.69 11.57
384397.07 280369.69 9.98
384397.07 280279.69 8.85
384397.07 280189.69 8.91
384397.07 280099.69 9.98
384397.07 280009.69 10.34
384397.07 279919.69 9.34
384397.07 279829.69 10.11
384397.07 279739.69 9.99
384397.07 279649.69 10.47
384397.07 279559.69 12.13
384397.07 279469.69 14.67
384397.07 279379.69 16.77
384487.07 281719.69 96.09
384487.07 281629.69 76.59
384487.07 281539.69 60.42
384487.07 281449.69 53.65
384487.07 281359.69 61.44
384487.07 281269.69 68.12
384487.07 281179.69 71.37
384487.07 281089.69 74.37
384487.07 280999.69 66.26
384487.07 280909.69 46.05
384487.07 280819.69 27.77
384487.07 280729.69 20.66
384487.07 280639.69 14.96
384487.07 280549.69 13.32
384487.07 280459.69 11.61
384487.07 280369.69 10.11
384487.07 280279.69 8.78
384487.07 280189.69 7.69
384487.07 280099.69 6.87
384487.07 280009.69 6.47
384487.07 279919.69 7.21
384487.07 279829.69 7.67
384487.07 279739.69 4.36
384487.07 279649.69 3.99
384487.07 279559.69 4.22
384487.07 279469.69 4.59
384487.07 279379.69 5.15
384487.07 279289.69 5.75
384577.07 281809.69 146.19
384577.07 281719.69 121.04
384577.07 281629.69 100.34
384577.07 281539.69 78.30
384577.07 281449.69 71.07
384577.07 281359.69 91.50
384577.07 281269.69 103.52
384577.07 281179.69 106.88
384577.07 281089.69 92.95
384577.07 280999.69 68.99
384577.07 280909.69 50.21
384577.07 280819.69 40.85
384577.07 280729.69 30.75
384577.07 280639.69 15.58
384577.07 280549.69 13.79
384577.07 280459.69 11.75
384577.07 280369.69 10.19
384577.07 280279.69 8.73
384577.07 280189.69 7.37
384577.07 280099.69 6.21
384577.07 280009.69 5.22
384577.07 279919.69 4.76
384577.07 279829.69 4.44
384577.07 279739.69 2.73
384577.07 279649.69 2.29
384577.07 279559.69 2.41
384577.07 279469.69 2.62
384577.07 279379.69 2.55
384577.07 279289.69 2.56
384577.07 279199.69 2.69
384667.07 281899.69 188.75
384667.07 281809.69 178.28
384667.07 281719.69 148.53
384667.07 281629.69 117.94
384667.07 281539.69 95.26
384667.07 281449.69 94.38
384667.07 281359.69 114.77
384667.07 281269.69 127.43
384667.07 281179.69 124.74
384667.07 281089.69 102.46
384667.07 280999.69 83.12
384667.07 280909.69 72.70
384667.07 280819.69 67.57
384667.07 280729.69 52.09
384667.07 280639.69 23.37
384667.07 280549.69 16.84
384667.07 280459.69 11.85
384667.07 280369.69 10.03
384667.07 280279.69 8.48
384667.07 280189.69 7.15
384667.07 280099.69 5.92
384667.07 280009.69 5.04
384667.07 279919.69 4.36
384667.07 279829.69 3.57
384667.07 279739.69 3.26
384667.07 279649.69 2.75
384667.07 279559.69 2.04
384667.07 279469.69 2.72
384667.07 279379.69 2.57
384667.07 279289.69 2.47
384667.07 279199.69 2.67
384757.07 281989.69 172.05
384757.07 281899.69 187.23
384757.07 281809.69 186.66
384757.07 281719.69 161.61
384757.07 281629.69 131.90
384757.07 281539.69 115.33
384757.07 281449.69 115.73
384757.07 281359.69 129.51
384757.07 281269.69 143.42
384757.07 281179.69 144.89
384757.07 281089.69 129.95
384757.07 280999.69 115.52
384757.07 280909.69 110.61
384757.07 280819.69 103.21
384757.07 280729.69 79.91
384757.07 280639.69 44.10
384757.07 280549.69 34.97
384757.07 280459.69 15.92
384757.07 280369.69 10.41
384757.07 280279.69 9.04
384757.07 280189.69 6.77
384757.07 280099.69 5.62
384757.07 280009.69 4.60
384757.07 279919.69 3.71
384757.07 279829.69 2.72
384757.07 279739.69 2.60
384757.07 279649.69 2.33
384757.07 279559.69 1.69
384847.07 282079.69 139.94
384847.07 281989.69 154.20
384847.07 281899.69 175.79
384847.07 281809.69 184.49
384847.07 281719.69 172.43
384847.07 281629.69 152.58
384847.07 281539.69 141.90
384847.07 281449.69 135.91
384847.07 281359.69 142.53
384847.07 281269.69 154.45
384847.07 281179.69 162.16
384847.07 281089.69 161.12
384847.07 280999.69 154.80
384847.07 280909.69 148.33
384847.07 280819.69 130.80
384847.07 280729.69 97.86
384847.07 280639.69 51.10
384847.07 280549.69 37.04
384847.07 280459.69 17.96
384847.07 280369.69 9.20
384847.07 280279.69 7.47
384847.07 280189.69 6.08
384847.07 280099.69 5.13
384847.07 280009.69 4.30
384847.07 279919.69 3.23
384847.07 279829.69 2.29
384847.07 279739.69 2.40
384847.07 279649.69 2.23
384937.07 282259.69 119.15
384937.07 282169.69 117.13
384937.07 282079.69 138.19
384937.07 281989.69 164.76
384937.07 281899.69 177.45
384937.07 281809.69 175.21
384937.07 281719.69 159.04
384937.07 281629.69 143.79
384937.07 281539.69 130.12
384937.07 281449.69 125.93
384937.07 281359.69 134.38
384937.07 281269.69 147.41
384937.07 281179.69 155.78
384937.07 281089.69 160.74
384937.07 280999.69 157.63
384937.07 280909.69 142.41
384937.07 280819.69 125.63
384937.07 280729.69 93.10
384937.07 280639.69 41.82
384937.07 280549.69 25.67
384937.07 280459.69 14.98
384937.07 280369.69 8.52
384937.07 280279.69 6.22
384937.07 280189.69 5.21
384937.07 280099.69 4.53
384937.07 280009.69 3.57
384937.07 279919.69 2.61
384937.07 279829.69 2.26
384937.07 279739.69 2.33
384937.07 279649.69 1.87
385027.07 282259.69 104.22
385027.07 282169.69 100.75
385027.07 282079.69 138.85
385027.07 281989.69 165.92
385027.07 281899.69 176.25
385027.07 281809.69 158.71
385027.07 281719.69 137.63
385027.07 281629.69 114.82
385027.07 281539.69 98.25
385027.07 281449.69 99.27
385027.07 281359.69 111.17
385027.07 281269.69 123.33
385027.07 281179.69 133.78
385027.07 281089.69 143.66
385027.07 280999.69 139.34
385027.07 280909.69 116.90
385027.07 280819.69 98.18
385027.07 280729.69 72.89
385027.07 280639.69 31.70
385027.07 280549.69 19.41
385027.07 280459.69 14.07
385027.07 280369.69 9.05
385027.07 280279.69 5.90
385027.07 280189.69 4.72
385027.07 280099.69 3.94
385027.07 280009.69 3.17
385027.07 279919.69 2.58
385027.07 279829.69 2.24
385027.07 279739.69 2.38
385027.07 279649.69 1.57
385117.07 282349.69 118.42
385117.07 282259.69 89.51
385117.07 282169.69 83.95
385117.07 282079.69 125.93
385117.07 281989.69 156.30
385117.07 281899.69 164.89
385117.07 281809.69 140.77
385117.07 281719.69 116.08
385117.07 281629.69 90.18
385117.07 281539.69 75.40
385117.07 281449.69 78.31
385117.07 281359.69 91.09
385117.07 281269.69 97.10
385117.07 281179.69 107.06
385117.07 281089.69 120.83
385117.07 280999.69 119.60
385117.07 280909.69 97.32
385117.07 280819.69 75.92
385117.07 280729.69 54.50
385117.07 280639.69 26.84
385117.07 280549.69 18.73
385117.07 280459.69 14.70
385117.07 280369.69 10.17
385117.07 280279.69 6.45
385117.07 280189.69 5.07
385117.07 280099.69 4.06
385117.07 280009.69 3.07
385117.07 279919.69 2.38
385117.07 279829.69 2.24
385117.07 279739.69 2.52
385207.07 282349.69 81.26
385207.07 282259.69 60.85
385207.07 282169.69 60.98
385207.07 282079.69 100.17
385207.07 281989.69 122.26
385207.07 281899.69 131.88
385207.07 281809.69 119.93
385207.07 281719.69 101.90
385207.07 281629.69 71.37
385207.07 281539.69 45.59
385207.07 281449.69 38.73
385207.07 281359.69 56.96
385207.07 281269.69 70.60
385207.07 281179.69 87.34
385207.07 281089.69 104.54
385207.07 280999.69 91.70
385207.07 280909.69 66.05
385207.07 280819.69 58.41
385207.07 280729.69 56.51
385207.07 280639.69 53.47
385207.07 280549.69 29.18
385207.07 280459.69 14.63
385207.07 280369.69 13.71
385207.07 280279.69 23.43
385207.07 280189.69 37.06
385207.07 280099.69 27.93
385207.07 280009.69 14.97
385207.07 279919.69 3.10
385207.07 279829.69 2.27
385207.07 279739.69 2.18
385297.07 282349.69 60.36
385297.07 282259.69 45.96
385297.07 282169.69 51.74
385297.07 282079.69 89.45
385297.07 281989.69 105.92
385297.07 281899.69 110.69
385297.07 281809.69 100.17
385297.07 281719.69 89.19
385297.07 281629.69 67.47
385297.07 281539.69 38.81
385297.07 281449.69 28.50
385297.07 281359.69 46.56
385297.07 281269.69 64.29
385297.07 281179.69 78.95
385297.07 281089.69 87.48
385297.07 280999.69 75.25
385297.07 280909.69 53.17
385297.07 280819.69 47.90
385297.07 280729.69 54.74
385297.07 280639.69 61.34
385297.07 280549.69 32.16
385297.07 280459.69 14.55
385297.07 280369.69 13.20
385297.07 280279.69 25.33
385297.07 280189.69 43.63
385297.07 280099.69 39.57
385297.07 280009.69 26.29
385297.07 279919.69 3.15
385297.07 279829.69 2.12
385297.07 279739.69 1.68
385297.07 279379.69 2.12
385387.07 282349.69 46.83
385387.07 282259.69 37.97
385387.07 282169.69 46.15
385387.07 282079.69 79.15
385387.07 281989.69 91.90
385387.07 281899.69 92.08
385387.07 281809.69 77.51
385387.07 281719.69 61.40
385387.07 281629.69 52.98
385387.07 281539.69 35.55
385387.07 281449.69 22.70
385387.07 281359.69 29.95
385387.07 281269.69 43.66
385387.07 281179.69 60.53
385387.07 281089.69 67.40
385387.07 280999.69 58.55
385387.07 280909.69 41.31
385387.07 280819.69 34.82
385387.07 280729.69 45.22
385387.07 280639.69 48.71
385387.07 280549.69 27.67
385387.07 280459.69 10.92
385387.07 280369.69 10.28
385387.07 280279.69 15.67
385387.07 280189.69 21.88
385387.07 280099.69 25.38
385387.07 280009.69 19.85
385387.07 279919.69 2.84
385387.07 279829.69 2.11
385387.07 279739.69 0.99
385477.07 282259.69 32.98
385477.07 282169.69 42.06
385477.07 282079.69 66.67
385477.07 281989.69 68.18
385477.07 281899.69 63.75
385477.07 281809.69 58.07
385477.07 281719.69 47.15
385477.07 281629.69 34.94
385477.07 281539.69 28.64
385477.07 281449.69 19.06
385477.07 281359.69 18.00
385477.07 281269.69 26.63
385477.07 281179.69 39.70
385477.07 281089.69 49.47
385477.07 280999.69 41.38
385477.07 280909.69 28.62
385477.07 280819.69 22.39
385477.07 280729.69 20.30
385477.07 280639.69 12.65
385477.07 280549.69 8.19
385477.07 280459.69 4.68
385477.07 280369.69 4.50
385477.07 280279.69 5.40
385477.07 280189.69 7.43
385477.07 280099.69 9.77
385477.07 280009.69 7.97
385477.07 279919.69 2.53
385477.07 279829.69 2.56
385477.07 279739.69 1.34
385567.07 282259.69 27.85
385567.07 282169.69 36.21
385567.07 282079.69 45.47
385567.07 281989.69 40.20
385567.07 281899.69 36.62
385567.07 281809.69 34.32
385567.07 281719.69 34.57
385567.07 281629.69 25.29
385567.07 281539.69 17.84
385567.07 281449.69 13.58
385567.07 281359.69 11.33
385567.07 281269.69 17.91
385567.07 281179.69 29.16
385567.07 281089.69 35.75
385567.07 280999.69 28.26
385567.07 280909.69 15.24
385567.07 280819.69 7.65
385567.07 280729.69 5.20
385567.07 280639.69 2.45
385567.07 280549.69 2.19
385567.07 280459.69 2.25
385567.07 280369.69 2.17
385567.07 280279.69 2.48
385567.07 280189.69 2.96
385567.07 280099.69 3.55
385567.07 280009.69 3.29
385567.07 279919.69 2.48
385567.07 279829.69 2.45
385567.07 279739.69 2.14
385657.07 282169.69 30.52
385657.07 282079.69 27.53
385657.07 281989.69 26.90
385657.07 281899.69 24.00
385657.07 281809.69 20.23
385657.07 281719.69 18.17
385657.07 281629.69 15.02
385657.07 281539.69 12.06
385657.07 281449.69 8.59
385657.07 281359.69 7.14
385657.07 281269.69 12.53
385657.07 281179.69 17.25
385657.07 281089.69 11.66
385657.07 280999.69 9.18
385657.07 280909.69 5.91
385657.07 280819.69 3.68
385657.07 280729.69 2.83
385657.07 280639.69 2.18
385657.07 280549.69 1.83
385657.07 280459.69 1.68
385657.07 280369.69 1.66
385657.07 280279.69 1.98
385657.07 280189.69 2.07
385657.07 280099.69 2.16
385657.07 280009.69 1.76
385657.07 279919.69 0.71
385657.07 279829.69 1.13
385657.07 279739.69 2.26
385747.07 282079.69 15.12
385747.07 281989.69 15.48
385747.07 281899.69 12.98
385747.07 281809.69 10.83
385747.07 281719.69 8.77
385747.07 281629.69 7.04
385747.07 281539.69 6.20
385747.07 281449.69 4.97
385747.07 281359.69 4.46
385747.07 281269.69 5.64
385747.07 281179.69 5.98
385747.07 281089.69 3.52
385747.07 280999.69 3.05
385747.07 280909.69 2.85
385747.07 280819.69 2.55
385747.07 280729.69 2.13
385747.07 280639.69 1.78
385747.07 280549.69 1.61
385747.07 280459.69 1.49
385747.07 280369.69 1.43
385747.07 280279.69 1.87
385747.07 280189.69 2.36
385747.07 280099.69 2.36
385747.07 280009.69 1.91
385747.07 279919.69 0.56
385747.07 279829.69 1.28
385747.07 279739.69 1.30
385837.07 281989.69 7.33
385837.07 281899.69 5.18
385837.07 281809.69 4.50
385837.07 281719.69 4.02
385837.07 281629.69 3.39
385837.07 281539.69 3.06
385837.07 281449.69 2.93
385837.07 281359.69 3.00
385837.07 281269.69 2.75
385837.07 281179.69 2.72
385837.07 281089.69 2.74
385837.07 280999.69 2.10
385837.07 280909.69 2.02
385837.07 280819.69 2.07
385837.07 280729.69 1.85
385837.07 280639.69 1.63
385837.07 280189.69 4.53
385837.07 280099.69 2.77
385837.07 280009.69 1.96
385837.07 279919.69 1.31
385927.07 281899.69 2.96
385927.07 281809.69 2.78
385927.07 281719.69 2.71
385927.07 281629.69 2.45
385927.07 281539.69 2.24
385927.07 281449.69 2.19
385927.07 281359.69 2.35
385927.07 281269.69 2.26
385927.07 281179.69 2.17
385927.07 281089.69 1.91
385927.07 280999.69 1.59
385927.07 280909.69 1.57
385927.07 280819.69 1.68
385927.07 280729.69 1.69
385927.07 280639.69 1.80
385927.07 280189.69 2.73
385927.07 280099.69 2.48
386017.07 281809.69 3.00
386017.07 281719.69 2.83
386017.07 281629.69 2.50
386017.07 281539.69 2.32
386017.07 281449.69 2.31
386017.07 281359.69 2.14
386017.07 281269.69 2.00
386017.07 281179.69 1.74
386017.07 281089.69 1.38
386017.07 280999.69 1.37
386017.07 280909.69 1.14
386017.07 280639.69 1.77
386017.07 280549.69 1.91
386017.07 280459.69 1.86
386107.07 281719.69 3.08
386107.07 281629.69 2.71
386107.07 281539.69 2.52
386107.07 281449.69 2.31
386107.07 281359.69 1.84
386107.07 281269.69 1.41
386107.07 281179.69 1.64
386107.07 281089.69 1.23
386107.07 280909.69 0.92
386107.07 280819.69 1.01
386107.07 280639.69 1.70
386107.07 280549.69 1.89
386107.07 280459.69 1.96
386197.07 281629.69 2.75
386197.07 281539.69 2.33
386197.07 281449.69 1.82
386197.07 281359.69 1.77
386197.07 281269.69 1.12
386197.07 280819.69 1.04
386197.07 280729.69 1.20
386197.07 280549.69 1.89
386197.07 280459.69 2.96
386197.07 280369.69 2.01
386287.07 281539.69 0.94
386287.07 281449.69 1.59
386287.07 280729.69 0.93
386287.07 280549.69 1.89
386287.07 280459.69 3.21
386287.07 280369.69 2.01
386377.07 280729.69 0.76
