384121.78 282937.83 149.94
384121.78 282847.83 141.97
384121.78 282757.83 134.67
384121.78 282667.83 130.12
384121.78 282577.83 123.19
384121.78 282487.83 108.81
384121.78 282397.83 99.68
384121.78 282307.83 93.38
384121.78 282217.83 90.74
384121.78 282127.83 99.39
384121.78 282037.83 104.37
384121.78 281947.83 85.11
384211.78 284197.83 485.35
384211.78 284107.83 470.63
384211.78 284017.83 427.27
384211.78 283927.83 386.04
384211.78 283837.83 351.19
384211.78 283747.83 319.39
384211.78 283657.83 293.57
384211.78 283567.83 249.09
384211.78 283477.83 223.61
384211.78 283387.83 210.54
384211.78 283297.83 196.67
384211.78 283207.83 184.54
384211.78 283117.83 183.25
384211.78 283027.83 184.98
384211.78 282937.83 186.21
384211.78 282847.83 175.97
384211.78 282757.83 166.23
384211.78 282667.83 153.71
384211.78 282577.83 139.23
384211.78 282487.83 123.54
384211.78 282397.83 115.49
384211.78 282307.83 109.24
384211.78 282217.83 111.03
384211.78 282127.83 129.78
384211.78 282037.83 133.15
384211.78 281947.83 103.73
384211.78 281857.83 75.71
384301.78 284287.83 402.68
384301.78 284197.83 453.37
384301.78 284107.83 452.63
384301.78 284017.83 421.16
384301.78 283927.83 385.50
384301.78 283837.83 354.68
384301.78 283747.83 327.66
384301.78 283657.83 300.63
384301.78 283567.83 265.02
384301.78 283477.83 248.47
384301.78 283387.83 240.40
384301.78 283297.83 227.20
384301.78 283207.83 212.50
384301.78 283117.83 221.73
384301.78 283027.83 229.36
384301.78 282937.83 233.11
384301.78 282847.83 216.84
384301.78 282757.83 193.88
384301.78 282667.83 173.57
384301.78 282577.83 154.37
384301.78 282487.83 141.30
384301.78 282397.83 135.52
384301.78 282307.83 130.53
384301.78 282217.83 133.93
384301.78 282127.83 161.56
384301.78 282037.83 154.32
384301.78 281947.83 116.92
384301.78 281857.83 88.36
384301.78 281767.83 68.26
384391.78 284377.83 307.11
384391.78 284287.83 366.35
384391.78 284197.83 408.34
384391.78 284107.83 432.78
384391.78 284017.83 424.15
384391.78 283927.83 398.14
384391.78 283837.83 374.30
384391.78 283747.83 348.71
384391.78 283657.83 323.08
384391.78 283567.83 296.21
384391.78 283477.83 286.45
384391.78 283387.83 279.49
384391.78 283297.83 262.77
384391.78 283207.83 246.10
384391.78 283117.83 264.99
384391.78 283027.83 279.65
384391.78 282937.83 281.19
384391.78 282847.83 251.39
384391.78 282757.83 223.93
384391.78 282667.83 198.44
384391.78 282577.83 180.44
384391.78 282487.83 167.67
384391.78 282397.83 159.72
384391.78 282307.83 155.49
384391.78 282217.83 160.31
384391.78 282127.83 186.30
384391.78 282037.83 167.30
384391.78 281947.83 129.54
384391.78 281857.83 99.81
384391.78 281767.83 78.40
384391.78 281677.83 62.95
384481.78 284467.83 247.95
384481.78 284377.83 269.87
384481.78 284287.83 317.95
384481.78 284197.83 354.58
384481.78 284107.83 388.62
384481.78 284017.83 424.90
384481.78 283927.83 433.65
384481.78 283837.83 417.84
384481.78 283747.83 391.70
384481.78 283657.83 368.20
384481.78 283567.83 365.79
384481.78 283477.83 364.07
384481.78 283387.83 344.66
384481.78 283297.83 319.96
384481.78 283207.83 303.21
384481.78 283117.83 314.02
384481.78 283027.83 335.56
384481.78 282937.83 350.68
384481.78 282847.83 318.06
384481.78 282757.83 289.78
384481.78 282667.83 268.23
384481.78 282577.83 249.31
384481.78 282487.83 233.86
384481.78 282397.83 219.31
384481.78 282307.83 213.02
384481.78 282217.83 223.89
384481.78 282127.83 224.98
384481.78 282037.83 194.17
384481.78 281947.83 152.35
384481.78 281857.83 126.24
384481.78 281767.83 105.26
384481.78 281677.83 85.15
384481.78 281587.83 67.23
384571.78 284557.83 215.99
384571.78 284467.83 235.12
384571.78 284377.83 258.51
384571.78 284287.83 297.11
384571.78 284197.83 335.00
384571.78 284107.83 383.82
384571.78 284017.83 434.31
384571.78 283927.83 445.84
384571.78 283837.83 436.96
384571.78 283747.83 415.24
384571.78 283657.83 398.25
384571.78 283567.83 407.16
384571.78 283477.83 401.68
384571.78 283387.83 380.95
384571.78 283297.83 356.05
384571.78 283207.83 333.68
384571.78 283117.83 332.06
384571.78 283027.83 355.96
384571.78 282937.83 378.32
384571.78 282847.83 362.62
384571.78 282757.83 331.81
384571.78 282667.83 304.33
384571.78 282577.83 279.01
384571.78 282487.83 262.09
384571.78 282397.83 250.30
384571.78 282307.83 239.22
384571.78 282217.83 230.89
384571.78 282127.83 221.99
384571.78 282037.83 202.80
384571.78 281947.83 175.10
384571.78 281857.83 155.93
384571.78 281767.83 132.12
384571.78 281677.83 110.42
384571.78 281587.83 88.21
384661.78 284557.83 223.02
384661.78 284467.83 241.64
384661.78 284377.83 266.89
384661.78 284287.83 306.09
384661.78 284197.83 338.15
384661.78 284107.83 374.72
384661.78 284017.83 417.88
384661.78 283927.83 423.46
384661.78 283837.83 414.10
384661.78 283747.83 403.11
384661.78 283657.83 405.31
384661.78 283567.83 408.62
384661.78 283477.83 398.43
384661.78 283387.83 381.84
384661.78 283297.83 356.48
384661.78 283207.83 329.10
384661.78 283117.83 313.18
384661.78 283027.83 329.48
384661.78 282937.83 352.32
384661.78 282847.83 355.73
384661.78 282757.83 323.80
384661.78 282667.83 294.14
384661.78 282577.83 269.81
384661.78 282487.83 249.13
384661.78 282397.83 240.99
384661.78 282307.83 222.62
384661.78 282217.83 200.08
384661.78 282127.83 197.69
384661.78 282037.83 191.54
384661.78 281947.83 188.67
384661.78 281857.83 185.35
384661.78 281767.83 162.84
384661.78 281677.83 132.54
384661.78 281587.83 104.28
384661.78 281497.83 89.52
384751.78 284647.83 198.75
384751.78 284557.83 223.64
384751.78 284467.83 246.68
384751.78 284377.83 268.10
384751.78 284287.83 310.07
384751.78 284197.83 346.23
384751.78 284107.83 368.93
384751.78 284017.83 381.32
384751.78 283927.83 382.37
384751.78 283837.83 376.40
384751.78 283747.83 374.89
384751.78 283657.83 387.48
384751.78 283567.83 389.10
384751.78 283477.83 381.49
384751.78 283387.83 369.91
384751.78 283297.83 346.28
384751.78 283207.83 312.64
384751.78 283117.83 282.40
384751.78 283027.83 287.37
384751.78 282937.83 310.51
384751.78 282847.83 333.82
384751.78 282757.83 307.27
384751.78 282667.83 274.11
384751.78 282577.83 255.04
384751.78 282487.83 229.86
384751.78 282397.83 214.84
384751.78 282307.83 196.06
384751.78 282217.83 169.23
384751.78 282127.83 172.14
384751.78 282037.83 170.45
384751.78 281947.83 181.29
384751.78 281857.83 190.92
384751.78 281767.83 176.04
384751.78 281677.83 145.72
384751.78 281587.83 121.01
384751.78 281497.83 112.04
384751.78 281407.83 120.77
384841.78 284737.83 178.73
384841.78 284647.83 196.48
384841.78 284557.83 215.88
384841.78 284467.83 236.39
384841.78 284377.83 257.83
384841.78 284287.83 315.35
384841.78 284197.83 347.54
384841.78 284107.83 349.06
384841.78 284017.83 345.23
384841.78 283927.83 346.88
384841.78 283837.83 340.57
384841.78 283747.83 341.63
384841.78 283657.83 353.78
384841.78 283567.83 368.15
384841.78 283477.83 363.22
384841.78 283387.83 349.17
384841.78 283297.83 324.34
384841.78 283207.83 290.48
384841.78 283117.83 256.19
384841.78 283027.83 251.02
384841.78 282937.83 278.96
384841.78 282847.83 315.38
384841.78 282757.83 292.28
384841.78 282667.83 256.08
384841.78 282577.83 236.60
384841.78 282487.83 214.14
384841.78 282397.83 181.23
384841.78 282307.83 159.21
384841.78 282217.83 140.01
384841.78 282127.83 138.24
384841.78 282037.83 146.31
384841.78 281947.83 166.30
384841.78 281857.83 183.26
384841.78 281767.83 180.56
384841.78 281677.83 160.68
384841.78 281587.83 145.86
384841.78 281497.83 135.88
384841.78 281407.83 136.98
384931.78 284827.83 176.26
384931.78 284737.83 201.28
384931.78 284647.83 212.45
384931.78 284557.83 228.75
384931.78 284467.83 245.92
384931.78 284377.83 264.63
384931.78 284287.83 307.29
384931.78 284197.83 325.10
384931.78 284107.83 318.63
384931.78 284017.83 316.75
384931.78 283927.83 316.60
384931.78 283837.83 308.12
384931.78 283747.83 305.67
384931.78 283657.83 320.49
384931.78 283567.83 350.15
384931.78 283477.83 355.30
384931.78 283387.83 329.94
384931.78 283297.83 295.01
384931.78 283207.83 264.33
384931.78 283117.83 232.82
384931.78 283027.83 222.20
384931.78 282937.83 247.57
384931.78 282847.83 275.98
384931.78 282757.83 263.27
384931.78 282667.83 238.08
384931.78 282577.83 220.03
384931.78 282487.83 189.72
384931.78 282397.83 154.50
384931.78 282307.83 129.11
384931.78 282217.83 116.10
384931.78 282127.83 125.50
384931.78 282037.83 151.37
384931.78 281947.83 171.55
384931.78 281857.83 179.03
384931.78 281767.83 168.56
384931.78 281677.83 153.03
384931.78 281587.83 137.74
384931.78 281497.83 127.59
384931.78 281407.83 129.77
384931.78 281317.83 141.84
385021.78 284827.83 195.57
385021.78 284737.83 210.96
385021.78 284647.83 225.76
385021.78 284557.83 240.42
385021.78 284467.83 255.49
385021.78 284377.83 266.79
385021.78 284287.83 288.96
385021.78 284197.83 296.49
385021.78 284107.83 291.07
385021.78 284017.83 292.89
385021.78 283927.83 292.86
385021.78 283837.83 282.46
385021.78 283747.83 274.11
385021.78 283657.83 288.43
385021.78 283567.83 319.66
385021.78 283477.83 337.40
385021.78 283387.83 321.45
385021.78 283297.83 285.48
385021.78 283207.83 245.67
385021.78 283117.83 206.41
385021.78 283027.83 195.05
385021.78 282937.83 214.30
385021.78 282847.83 235.39
385021.78 282757.83 230.55
385021.78 282667.83 217.66
385021.78 282577.83 207.34
385021.78 282487.83 178.18
385021.78 282397.83 143.97
385021.78 282307.83 116.72
385021.78 282217.83 95.99
385021.78 282127.83 120.29
385021.78 282037.83 152.85
385021.78 281947.83 175.36
385021.78 281857.83 169.31
385021.78 281767.83 150.35
385021.78 281677.83 128.44
385021.78 281587.83 106.76
385021.78 281497.83 98.79
385021.78 281407.83 106.15
385021.78 281317.83 118.85
385021.78 281227.83 129.42
385111.78 284917.83 190.90
385111.78 284827.83 208.20
385111.78 284737.83 220.56
385111.78 284647.83 229.07
385111.78 284557.83 229.77
385111.78 284467.83 234.91
385111.78 284377.83 244.51
385111.78 284287.83 273.23
385111.78 284197.83 277.29
385111.78 284107.83 267.07
385111.78 284017.83 265.36
385111.78 283927.83 272.39
385111.78 283837.83 269.64
385111.78 283747.83 252.61
385111.78 283657.83 260.31
385111.78 283567.83 284.22
385111.78 283477.83 302.07
385111.78 283387.83 296.28
385111.78 283297.83 270.48
385111.78 283207.83 232.37
385111.78 283117.83 188.09
385111.78 283027.83 170.46
385111.78 282937.83 180.74
385111.78 282847.83 201.09
385111.78 282757.83 201.79
385111.78 282667.83 197.29
385111.78 282577.83 191.75
385111.78 282487.83 167.35
385111.78 282397.83 135.65
385111.78 282307.83 104.99
385111.78 282217.83 79.10
385111.78 282127.83 105.90
385111.78 282037.83 142.45
385111.78 281947.83 166.72
385111.78 281857.83 154.47
385111.78 281767.83 131.06
385111.78 281677.83 104.30
385111.78 281587.83 82.27
385111.78 281497.83 75.72
385111.78 281407.83 86.53
385111.78 281317.83 94.96
385111.78 281227.83 102.20
385201.78 285007.83 155.29
385201.78 284917.83 155.76
385201.78 284827.83 172.66
385201.78 284737.83 180.11
385201.78 284647.83 187.15
385201.78 284557.83 194.11
385201.78 284467.83 201.60
385201.78 284377.83 216.25
385201.78 284287.83 243.87
385201.78 284197.83 246.45
385201.78 284107.83 237.70
385201.78 284017.83 229.64
385201.78 283927.83 232.56
385201.78 283837.83 238.49
385201.78 283747.83 236.07
385201.78 283657.83 222.40
385201.78 283567.83 226.38
385201.78 283477.83 238.91
385201.78 283387.83 243.09
385201.78 283297.83 229.11
385201.78 283207.83 202.07
385201.78 283117.83 158.16
385201.78 283027.83 132.70
385201.78 282937.83 139.49
385201.78 282847.83 150.39
385201.78 282757.83 155.02
385201.78 282667.83 154.71
385201.78 282577.83 146.93
385201.78 282487.83 124.76
385201.78 282397.83 97.34
385201.78 282307.83 73.37
385201.78 282217.83 54.76
385201.78 282127.83 83.31
385201.78 282037.83 113.32
385201.78 281947.83 132.88
385201.78 281857.83 128.31
385201.78 281767.83 114.69
385201.78 281677.83 88.25
385201.78 281587.83 59.24
385201.78 281497.83 40.20
385201.78 281407.83 50.53
385201.78 281317.83 65.26
385201.78 281227.83 78.17
385201.78 281137.83 100.04
385291.78 285097.83 121.46
385291.78 285007.83 131.81
385291.78 284917.83 134.83
385291.78 284827.83 148.10
385291.78 284737.83 158.87
385291.78 284647.83 170.55
385291.78 284557.83 181.42
385291.78 284467.83 191.31
385291.78 284377.83 208.39
385291.78 284287.83 242.62
385291.78 284197.83 247.97
385291.78 284107.83 232.88
385291.78 284017.83 213.77
385291.78 283927.83 204.72
385291.78 283837.83 211.30
385291.78 283747.83 217.81
385291.78 283657.83 211.58
385291.78 283567.83 191.49
385291.78 283477.83 194.30
385291.78 283387.83 206.73
385291.78 283297.83 196.77
385291.78 283207.83 171.10
385291.78 283117.83 132.31
385291.78 283027.83 106.30
385291.78 282937.83 109.57
385291.78 282847.83 114.42
385291.78 282757.83 120.45
385291.78 282667.83 120.41
385291.78 282577.83 107.61
385291.78 282487.83 89.51
385291.78 282397.83 70.70
385291.78 282307.83 53.45
385291.78 282217.83 42.27
385291.78 282127.83 72.89
385291.78 282037.83 98.51
385291.78 281947.83 111.70
385291.78 281857.83 106.52
385291.78 281767.83 97.35
385291.78 281677.83 81.09
385291.78 281587.83 52.76
385291.78 281497.83 29.11
385291.78 281407.83 36.90
385291.78 281317.83 55.38
385291.78 281227.83 71.24
385291.78 281137.83 86.37
385291.78 281047.83 85.37
385381.78 285187.83 93.12
385381.78 285097.83 103.44
385381.78 285007.83 123.97
385381.78 284917.83 145.45
385381.78 284827.83 158.00
385381.78 284737.83 171.47
385381.78 284647.83 180.68
385381.78 284557.83 195.04
385381.78 284467.83 204.37
385381.78 284377.83 226.00
385381.78 284287.83 255.43
385381.78 284197.83 253.81
385381.78 284107.83 238.73
385381.78 284017.83 217.03
385381.78 283927.83 200.72
385381.78 283837.83 199.10
385381.78 283747.83 196.94
385381.78 283657.83 201.01
385381.78 283567.83 192.29
385381.78 283477.83 171.03
385381.78 283387.83 170.38
385381.78 283297.83 161.46
385381.78 283207.83 134.28
385381.78 283117.83 105.77
385381.78 283027.83 88.52
385381.78 282937.83 86.89
385381.78 282847.83 93.18
385381.78 282757.83 104.11
385381.78 282667.83 100.83
385381.78 282577.83 82.74
385381.78 282487.83 71.20
385381.78 282397.83 55.52
385381.78 282307.83 42.39
385381.78 282217.83 36.65
385381.78 282127.83 65.03
385381.78 282037.83 87.20
385381.78 281947.83 95.23
385381.78 281857.83 87.40
385381.78 281767.83 69.98
385381.78 281677.83 60.47
385381.78 281587.83 45.84
385381.78 281497.83 26.60
385381.78 281407.83 26.12
385381.78 281317.83 36.90
385381.78 281227.83 53.86
385381.78 281137.83 67.05
385381.78 281047.83 66.24
385381.78 280957.83 50.54
385471.78 285187.83 112.42
385471.78 285097.83 119.74
385471.78 285007.83 132.15
385471.78 284917.83 160.79
385471.78 284827.83 177.59
385471.78 284737.83 191.23
385471.78 284647.83 202.22
385471.78 284557.83 221.69
385471.78 284467.83 229.29
385471.78 284377.83 247.91
385471.78 284287.83 258.25
385471.78 284197.83 253.66
385471.78 284107.83 242.83
385471.78 284017.83 219.80
385471.78 283927.83 199.97
385471.78 283837.83 181.49
385471.78 283747.83 174.49
385471.78 283657.83 178.05
385471.78 283567.83 194.67
385471.78 283477.83 180.77
385471.78 283387.83 158.93
385471.78 283297.83 148.03
385471.78 283207.83 132.35
385471.78 283117.83 108.75
385471.78 283027.83 85.86
385471.78 282937.83 71.98
385471.78 282847.83 75.22
385471.78 282757.83 84.50
385471.78 282667.83 80.50
385471.78 282577.83 61.27
385471.78 282487.83 48.44
385471.78 282397.83 37.05
385471.78 282307.83 33.36
385471.78 282217.83 33.31
385471.78 282127.83 57.53
385471.78 282037.83 69.55
385471.78 281947.83 67.92
385471.78 281857.83 63.27
385471.78 281767.83 54.30
385471.78 281677.83 41.08
385471.78 281587.83 33.69
385471.78 281497.83 23.42
385471.78 281407.83 17.50
385471.78 281317.83 22.05
385471.78 281227.83 33.40
385471.78 281137.83 48.01
385471.78 281047.83 47.82
385471.78 280957.83 35.64
385561.78 285277.83 123.13
385561.78 285187.83 131.34
385561.78 285097.83 142.09
385561.78 285007.83 150.42
385561.78 284917.83 175.76
385561.78 284827.83 199.39
385561.78 284737.83 218.79
385561.78 284647.83 234.43
385561.78 284557.83 244.89
385561.78 284467.83 257.69
385561.78 284377.83 281.02
385561.78 284287.83 253.86
385561.78 284197.83 234.69
385561.78 284107.83 226.57
385561.78 284017.83 205.61
385561.78 283927.83 184.25
385561.78 283837.83 161.97
385561.78 283747.83 152.72
385561.78 283657.83 149.91
385561.78 283567.83 175.06
385561.78 283477.83 179.47
385561.78 283387.83 168.85
385561.78 283297.83 156.08
385561.78 283207.83 138.51
385561.78 283117.83 123.09
385561.78 283027.83 92.77
385561.78 282937.83 66.71
385561.78 282847.83 61.86
385561.78 282757.83 62.52
385561.78 282667.83 60.49
385561.78 282577.83 48.21
385561.78 282487.83 34.94
385561.78 282397.83 29.34
385561.78 282307.83 27.15
385561.78 282217.83 30.74
385561.78 282127.83 44.10
385561.78 282037.83 44.28
385561.78 281947.83 40.26
385561.78 281857.83 36.10
385561.78 281767.83 37.28
385561.78 281677.83 30.64
385561.78 281587.83 21.90
385561.78 281497.83 16.46
385561.78 281407.83 11.64
385561.78 281317.83 13.97
385561.78 281227.83 23.57
385561.78 281137.83 34.89
385561.78 281047.83 34.16
385561.78 280957.83 22.36
385561.78 280867.83 11.62
385651.78 285367.83 126.66
385651.78 285277.83 152.96
385651.78 285187.83 162.66
385651.78 285097.83 172.67
385651.78 285007.83 183.85
385651.78 284917.83 201.08
385651.78 284827.83 211.51
385651.78 284737.83 239.75
385651.78 284647.83 264.34
385651.78 284557.83 273.98
385651.78 284467.83 292.28
385651.78 284377.83 290.93
385651.78 284287.83 245.40
385651.78 284197.83 213.50
385651.78 284107.83 202.55
385651.78 284017.83 198.48
385651.78 283927.83 177.47
385651.78 283837.83 152.88
385651.78 283747.83 134.25
385651.78 283657.83 132.67
385651.78 283567.83 149.19
385651.78 283477.83 156.76
385651.78 283387.83 157.52
385651.78 283297.83 152.82
385651.78 283207.83 132.43
385651.78 283117.83 112.18
385651.78 283027.83 89.83
385651.78 282937.83 64.77
385651.78 282847.83 48.55
385651.78 282757.83 42.46
385651.78 282667.83 39.55
385651.78 282577.83 33.74
385651.78 282487.83 29.56
385651.78 282397.83 24.35
385651.78 282307.83 23.11
385651.78 282217.83 29.44
385651.78 282127.83 29.45
385651.78 282037.83 28.22
385651.78 281947.83 26.37
385651.78 281857.83 22.37
385651.78 281767.83 20.42
385651.78 281677.83 17.53
385651.78 281587.83 14.11
385651.78 281497.83 10.73
385651.78 281407.83 7.20
385651.78 281317.83 9.24
385651.78 281227.83 17.12
385651.78 281137.83 15.38
385651.78 281047.83 12.19
385651.78 280957.83 8.41
385651.78 280867.83 4.86
385651.78 280777.83 3.28
385741.78 285457.83 141.91
385741.78 285367.83 158.81
385741.78 285277.83 175.69
385741.78 285187.83 188.06
385741.78 285097.83 192.24
385741.78 285007.83 201.31
385741.78 284917.83 212.67
385741.78 284827.83 230.59
385741.78 284737.83 251.24
385741.78 284647.83 261.57
385741.78 284557.83 273.00
385741.78 284467.83 290.12
385741.78 284377.83 288.15
385741.78 284287.83 236.25
385741.78 284197.83 204.23
385741.78 284107.83 180.41
385741.78 284017.83 172.36
385741.78 283927.83 165.72
385741.78 283837.83 147.46
385741.78 283747.83 124.38
385741.78 283657.83 112.04
385741.78 283567.83 120.36
385741.78 283477.83 127.04
385741.78 283387.83 134.78
385741.78 283297.83 138.10
385741.78 283207.83 121.91
385741.78 283117.83 100.64
385741.78 283027.83 77.38
385741.78 282937.83 56.52
385741.78 282847.83 41.25
385741.78 282757.83 34.53
385741.78 282667.83 30.40
385741.78 282577.83 25.78
385741.78 282487.83 22.71
385741.78 282397.83 18.95
385741.78 282307.83 20.47
385741.78 282217.83 21.86
385741.78 282127.83 17.12
385741.78 282037.83 16.49
385741.78 281947.83 14.99
385741.78 281857.83 12.57
385741.78 281767.83 10.35
385741.78 281677.83 8.20
385741.78 281587.83 7.15
385741.78 281497.83 5.89
385741.78 281407.83 4.59
385741.78 281317.83 5.18
385741.78 281227.83 7.08
385741.78 281137.83 4.86
385741.78 281047.83 3.39
385741.78 280957.83 3.08
385741.78 280867.83 2.81
385741.78 280777.83 2.42
385831.78 285547.83 151.38
385831.78 285457.83 178.39
385831.78 285367.83 187.94
385831.78 285277.83 195.10
385831.78 285187.83 188.92
385831.78 285097.83 188.28
385831.78 285007.83 196.80
385831.78 284917.83 210.60
385831.78 284827.83 227.95
385831.78 284737.83 245.09
385831.78 284647.83 259.73
385831.78 284557.83 273.45
385831.78 284467.83 277.38
385831.78 284377.83 271.00
385831.78 284287.83 215.12
385831.78 284197.83 180.57
385831.78 284107.83 158.91
385831.78 284017.83 143.09
385831.78 283927.83 145.94
385831.78 283837.83 140.67
385831.78 283747.83 118.72
385831.78 283657.83 94.46
385831.78 283567.83 97.80
385831.78 283477.83 98.09
385831.78 283387.83 108.05
385831.78 283297.83 120.20
385831.78 283207.83 110.38
385831.78 283117.83 90.80
385831.78 283027.83 68.84
385831.78 282937.83 50.95
385831.78 282847.83 36.62
385831.78 282757.83 31.06
385831.78 282667.83 27.87
385831.78 282577.83 24.14
385831.78 282487.83 20.79
385831.78 282397.83 16.78
385831.78 282307.83 15.55
385831.78 282217.83 14.59
385831.78 282127.83 10.51
385831.78 282037.83 8.65
385831.78 281947.83 6.51
385831.78 281857.83 5.18
385831.78 281767.83 4.61
385831.78 281677.83 3.87
385831.78 281587.83 3.37
385831.78 281497.83 3.06
385831.78 281407.83 3.10
385831.78 281317.83 2.95
385831.78 281227.83 2.76
385831.78 281137.83 2.90
385831.78 281047.83 2.39
385831.78 280957.83 2.07
385831.78 280867.83 2.11
385831.78 280777.83 1.99
385831.78 280687.83 1.70
385921.78 285547.83 194.73
385921.78 285457.83 196.75
385921.78 285367.83 184.62
385921.78 285277.83 176.73
385921.78 285187.83 171.71
385921.78 285097.83 176.06
385921.78 285007.83 205.29
385921.78 284917.83 229.35
385921.78 284827.83 248.54
385921.78 284737.83 265.69
385921.78 284647.83 279.07
385921.78 284557.83 285.41
385921.78 284467.83 266.09
385921.78 284377.83 232.52
385921.78 284287.83 185.40
385921.78 284197.83 150.97
385921.78 284107.83 124.65
385921.78 284017.83 110.06
385921.78 283927.83 103.15
385921.78 283837.83 102.30
385921.78 283747.83 100.14
385921.78 283657.83 82.48
385921.78 283567.83 66.67
385921.78 283477.83 64.47
385921.78 283387.83 78.94
385921.78 283297.83 97.62
385921.78 283207.83 90.90
385921.78 283117.83 76.64
385921.78 283027.83 66.14
385921.78 282937.83 52.01
385921.78 282847.83 32.31
385921.78 282757.83 23.45
385921.78 282667.83 21.80
385921.78 282577.83 20.02
385921.78 282487.83 17.40
385921.78 282397.83 14.61
385921.78 282307.83 11.72
385921.78 282217.83 9.07
385921.78 282127.83 6.15
385921.78 282037.83 4.41
385921.78 281947.83 3.35
385921.78 281857.83 2.89
385921.78 281767.83 2.82
385921.78 281677.83 2.61
385921.78 281587.83 2.37
385921.78 281497.83 2.19
385921.78 281407.83 2.34
385921.78 281317.83 2.32
385921.78 281227.83 2.24
385921.78 281137.83 2.13
385921.78 281047.83 1.76
385921.78 280957.83 1.57
385921.78 280867.83 1.68
385921.78 280777.83 1.66
385921.78 280687.83 1.80
386011.78 285637.83 166.50
386011.78 285547.83 173.09
386011.78 285457.83 173.53
386011.78 285367.83 174.82
386011.78 285277.83 168.02
386011.78 285187.83 167.30
386011.78 285097.83 182.41
386011.78 285007.83 218.28
386011.78 284917.83 247.37
386011.78 284827.83 271.83
386011.78 284737.83 284.91
386011.78 284647.83 283.94
386011.78 284557.83 280.85
386011.78 284467.83 266.02
386011.78 284377.83 227.34
386011.78 284287.83 167.90
386011.78 284197.83 130.57
386011.78 284107.83 105.34
386011.78 284017.83 89.08
386011.78 283927.83 79.22
386011.78 283837.83 75.72
386011.78 283747.83 80.41
386011.78 283657.83 71.77
386011.78 283567.83 45.38
386011.78 283477.83 44.70
386011.78 283387.83 61.20
386011.78 283297.83 82.14
386011.78 283207.83 79.88
386011.78 283117.83 61.83
386011.78 283027.83 55.88
386011.78 282937.83 46.69
386011.78 282847.83 28.47
386011.78 282757.83 19.83
386011.78 282667.83 16.12
386011.78 282577.83 16.63
386011.78 282487.83 14.39
386011.78 282397.83 11.79
386011.78 282307.83 7.75
386011.78 282217.83 5.64
386011.78 282127.83 4.00
386011.78 282037.83 2.99
386011.78 281947.83 2.69
386011.78 281857.83 2.91
386011.78 281767.83 2.93
386011.78 281677.83 2.65
386011.78 281587.83 2.36
386011.78 281497.83 2.32
386011.78 281407.83 2.22
386011.78 281317.83 2.09
386011.78 281227.83 1.95
386011.78 281137.83 1.51
386011.78 281047.83 1.47
386011.78 280957.83 1.17
386011.78 280687.83 1.68
386011.78 280597.83 1.88
386101.78 285637.83 128.51
386101.78 285547.83 140.76
386101.78 285457.83 162.34
386101.78 285367.83 181.39
386101.78 285277.83 169.29
386101.78 285187.83 160.44
386101.78 285097.83 180.15
386101.78 285007.83 218.51
386101.78 284917.83 245.03
386101.78 284827.83 274.92
386101.78 284737.83 281.00
386101.78 284647.83 270.25
386101.78 284557.83 262.76
386101.78 284467.83 254.65
386101.78 284377.83 223.18
386101.78 284287.83 155.43
386101.78 284197.83 114.85
386101.78 284107.83 94.31
386101.78 284017.83 79.30
386101.78 283927.83 67.15
386101.78 283837.83 59.23
386101.78 283747.83 60.05
386101.78 283657.83 53.05
386101.78 283567.83 35.07
386101.78 283477.83 30.83
386101.78 283387.83 40.15
386101.78 283297.83 58.74
386101.78 283207.83 67.87
386101.78 283117.83 49.65
386101.78 283027.83 37.51
386101.78 282937.83 31.14
386101.78 282847.83 23.00
386101.78 282757.83 18.14
386101.78 282667.83 14.10
386101.78 282577.83 12.85
386101.78 282487.83 10.62
386101.78 282397.83 7.79
386101.78 282307.83 5.64
386101.78 282217.83 4.32
386101.78 282127.83 3.09
386101.78 282037.83 2.58
386101.78 281947.83 2.69
386101.78 281857.83 3.40
386101.78 281767.83 3.30
386101.78 281677.83 2.87
386101.78 281587.83 2.60
386101.78 281497.83 2.45
386101.78 281407.83 2.15
386101.78 281317.83 1.52
386101.78 281227.83 1.67
386101.78 281137.83 1.37
386101.78 280957.83 1.06
386101.78 280867.83 0.96
386101.78 280687.83 1.65
386101.78 280597.83 1.80
386191.78 285637.83 119.99
386191.78 285547.83 143.44
386191.78 285457.83 177.16
386191.78 285367.83 188.15
386191.78 285277.83 163.39
386191.78 285187.83 151.45
386191.78 285097.83 175.06
386191.78 285007.83 212.01
386191.78 284917.83 235.00
386191.78 284827.83 261.76
386191.78 284737.83 264.10
386191.78 284647.83 249.09
386191.78 284557.83 242.70
386191.78 284467.83 227.45
386191.78 284377.83 198.81
386191.78 284287.83 141.71
386191.78 284197.83 106.08
386191.78 284107.83 84.23
386191.78 284017.83 68.64
386191.78 283927.83 58.49
386191.78 283837.83 45.87
386191.78 283747.83 40.94
386191.78 283657.83 33.27
386191.78 283567.83 24.53
386191.78 283477.83 21.54
386191.78 283387.83 25.61
386191.78 283297.83 34.11
386191.78 283207.83 51.33
386191.78 283117.83 44.86
386191.78 283027.83 25.64
386191.78 282937.83 19.91
386191.78 282847.83 17.65
386191.78 282757.83 16.02
386191.78 282667.83 12.75
386191.78 282577.83 8.71
386191.78 282487.83 6.35
386191.78 282397.83 4.40
386191.78 282307.83 3.42
386191.78 282217.83 2.84
386191.78 282127.83 2.31
386191.78 282037.83 2.37
386191.78 281947.83 2.76
386191.78 281857.83 3.23
386191.78 281767.83 3.23
386191.78 281677.83 2.92
386191.78 281587.83 2.63
386191.78 281497.83 2.00
386191.78 281407.83 1.97
386191.78 281317.83 1.33
386191.78 280867.83 0.98
386191.78 280777.83 1.10
386191.78 280597.83 1.46
386281.78 285637.83 129.02
386281.78 285547.83 162.01
386281.78 285457.83 180.89
386281.78 285367.83 177.07
386281.78 285277.83 149.02
386281.78 285187.83 141.85
386281.78 285097.83 166.52
386281.78 285007.83 197.42
386281.78 284917.83 214.63
386281.78 284827.83 232.34
386281.78 284737.83 239.49
386281.78 284647.83 224.60
386281.78 284557.83 220.31
386281.78 284467.83 201.81
386281.78 284377.83 176.06
386281.78 284287.83 131.98
386281.78 284197.83 96.71
386281.78 284107.83 74.49
386281.78 284017.83 60.64
386281.78 283927.83 48.48
386281.78 283837.83 37.15
386281.78 283747.83 28.39
386281.78 283657.83 22.18
386281.78 283567.83 16.60
386281.78 283477.83 15.21
386281.78 283387.83 19.52
386281.78 283297.83 19.37
386281.78 283207.83 26.70
386281.78 283117.83 32.30
386281.78 283027.83 18.69
386281.78 282937.83 13.01
386281.78 282847.83 11.01
386281.78 282757.83 8.84
386281.78 282667.83 7.08
386281.78 282577.83 4.81
386281.78 282487.83 3.82
386281.78 282397.83 2.94
386281.78 282307.83 2.67
386281.78 282217.83 2.44
386281.78 282127.83 2.33
386281.78 282037.83 2.55
386281.78 281947.83 2.87
386281.78 281857.83 3.06
386281.78 281767.83 2.70
386281.78 281677.83 1.71
386281.78 281587.83 0.99
386281.78 281497.83 1.38
386281.78 280777.83 0.91
386281.78 280597.83 1.23
386371.78 285637.83 133.93
386371.78 285547.83 160.08
386371.78 285457.83 178.02
386371.78 285367.83 163.96
386371.78 285277.83 140.14
386371.78 285187.83 127.80
386371.78 285097.83 147.36
386371.78 285007.83 168.66
386371.78 284917.83 183.17
386371.78 284827.83 202.15
386371.78 284737.83 205.87
386371.78 284647.83 195.81
386371.78 284557.83 194.01
386371.78 284467.83 185.71
386371.78 284377.83 157.90
386371.78 284287.83 113.87
386371.78 284197.83 84.95
386371.78 284107.83 66.56
386371.78 284017.83 54.85
386371.78 283927.83 44.55
386371.78 283837.83 34.12
386371.78 283747.83 25.85
386371.78 283657.83 17.04
386371.78 283567.83 11.40
386371.78 283477.83 10.82
386371.78 283387.83 9.13
386371.78 283297.83 13.49
386371.78 283207.83 15.54
386371.78 283117.83 16.68
386371.78 283027.83 10.99
386371.78 282937.83 7.58
386371.78 282847.83 5.84
386371.78 282757.83 4.45
386371.78 282667.83 3.89
386371.78 282577.83 3.47
386371.78 282487.83 3.13
386371.78 282397.83 3.00
386371.78 282307.83 2.71
386371.78 282217.83 2.61
386371.78 282127.83 2.59
386371.78 282037.83 2.72
386371.78 281947.83 2.64
386371.78 281857.83 1.48
386371.78 281767.83 1.99
386371.78 281677.83 1.25
386371.78 281587.83 0.38
386371.78 280777.83 0.76
386461.78 285547.83 144.86
386461.78 285457.83 174.53
386461.78 285367.83 168.69
386461.78 285277.83 140.85
386461.78 285187.83 118.60
386461.78 285097.83 131.14
386461.78 285007.83 149.17
386461.78 284917.83 161.92
386461.78 284827.83 171.80
386461.78 284737.83 170.85
386461.78 284647.83 165.74
386461.78 284557.83 167.63
386461.78 284467.83 163.36
386461.78 284377.83 143.75
386461.78 284287.83 100.63
386461.78 284197.83 77.25
386461.78 284107.83 66.21
386461.78 284017.83 57.90
386461.78 283927.83 48.54
386461.78 283837.83 33.08
386461.78 283747.83 22.28
386461.78 283657.83 14.02
386461.78 283567.83 8.45
386461.78 283477.83 7.51
386461.78 283387.83 7.09
386461.78 283297.83 7.87
386461.78 283207.83 7.57
386461.78 283117.83 6.84
386461.78 283027.83 5.90
386461.78 282937.83 4.89
386461.78 282847.83 4.09
386461.78 282757.83 3.24
386461.78 282667.83 3.13
386461.78 282577.83 3.18
386461.78 282487.83 3.08
386461.78 282397.83 3.09
386461.78 282307.83 3.13
386461.78 282217.83 2.81
386461.78 282127.83 2.67
386461.78 282037.83 2.70
386461.78 281947.83 2.15
386461.78 281857.83 0.75
386551.78 285547.83 131.99
386551.78 285457.83 150.11
386551.78 285367.83 163.74
386551.78 285277.83 143.63
386551.78 285187.83 120.02
386551.78 285097.83 110.02
386551.78 285007.83 122.02
386551.78 284917.83 135.87
386551.78 284827.83 141.06
386551.78 284737.83 142.73
386551.78 284647.83 135.59
386551.78 284557.83 139.50
386551.78 284467.83 134.86
386551.78 284377.83 121.17
386551.78 284287.83 92.87
386551.78 284197.83 80.77
386551.78 284107.83 78.34
386551.78 284017.83 58.57
386551.78 283927.83 39.81
386551.78 283837.83 26.65
386551.78 283747.83 17.00
386551.78 283657.83 11.19
386551.78 283567.83 6.53
386551.78 283477.83 5.40
386551.78 283387.83 5.33
386551.78 283297.83 4.35
386551.78 283207.83 3.84
386551.78 283117.83 3.63
386551.78 283027.83 3.69
386551.78 282937.83 3.38
386551.78 282847.83 3.25
386551.78 282757.83 3.09
386551.78 282667.83 3.09
386551.78 282577.83 3.19
386551.78 282487.83 3.29
386551.78 282397.83 3.21
386551.78 282307.83 3.13
386551.78 282217.83 2.84
386551.78 282127.83 2.32
386551.78 282037.83 2.24
386551.78 281947.83 2.01
386551.78 281857.83 1.10
386641.78 285547.83 85.09
386641.78 285457.83 100.65
386641.78 285367.83 121.66
386641.78 285277.83 131.31
386641.78 285187.83 124.00
386641.78 285097.83 108.83
386641.78 285007.83 91.02
386641.78 284917.83 92.75
386641.78 284827.83 96.07
386641.78 284737.83 96.63
386641.78 284647.83 93.18
386641.78 284557.83 93.29
386641.78 284467.83 94.91
386641.78 284377.83 99.69
386641.78 284287.83 89.03
386641.78 284197.83 79.14
386641.78 284107.83 79.09
386641.78 284017.83 79.03
386641.78 283927.83 71.50
386641.78 283837.83 56.23
386641.78 283747.83 36.54
386641.78 283657.83 20.26
386641.78 283567.83 7.22
386641.78 283477.83 3.57
386641.78 283387.83 3.23
386641.78 283297.83 2.88
386641.78 283207.83 2.49
386641.78 283117.83 2.36
386641.78 283027.83 2.66
386641.78 282937.83 2.73
386641.78 282847.83 2.96
386641.78 282757.83 3.07
386641.78 282667.83 2.95
386641.78 282577.83 2.99
386641.78 282487.83 3.05
386641.78 282397.83 2.84
386641.78 282307.83 2.84
386641.78 282217.83 2.88
386641.78 281947.83 1.64
386641.78 281857.83 1.56
386641.78 281767.83 1.24
386731.78 285547.83 54.39
386731.78 285457.83 76.75
386731.78 285367.83 86.38
386731.78 285277.83 97.77
386731.78 285187.83 115.64
386731.78 285097.83 118.34
386731.78 285007.83 79.76
386731.78 284917.83 67.40
386731.78 284827.83 65.26
386731.78 284737.83 69.78
386731.78 284647.83 72.53
386731.78 284557.83 70.66
386731.78 284467.83 75.86
386731.78 284377.83 84.63
386731.78 284287.83 94.45
386731.78 284197.83 93.66
386731.78 284107.83 93.16
386731.78 284017.83 89.23
386731.78 283927.83 76.35
386731.78 283837.83 55.99
386731.78 283747.83 37.57
386731.78 283657.83 20.69
386731.78 283567.83 6.58
386731.78 283477.83 2.69
386731.78 283387.83 2.60
386731.78 283297.83 2.28
386731.78 283207.83 2.02
386731.78 283117.83 2.24
386731.78 283027.83 2.50
386731.78 282937.83 2.60
386731.78 282847.83 2.85
386731.78 282757.83 2.95
386731.78 282667.83 2.76
386731.78 282577.83 2.87
386731.78 282487.83 2.93
386731.78 282397.83 2.68
386731.78 282307.83 2.76
386731.78 282217.83 2.73
386731.78 281857.83 1.68
386731.78 281767.83 1.95
386821.78 285547.83 46.99
386821.78 285457.83 55.72
386821.78 285367.83 60.96
386821.78 285277.83 79.56
386821.78 285187.83 96.71
386821.78 285097.83 112.54
386821.78 285007.83 73.41
386821.78 284917.83 56.25
386821.78 284827.83 52.20
386821.78 284737.83 64.56
386821.78 284647.83 63.14
386821.78 284557.83 60.77
386821.78 284467.83 68.91
386821.78 284377.83 84.04
386821.78 284287.83 111.38
386821.78 284197.83 112.44
386821.78 284107.83 100.68
386821.78 284017.83 90.79
386821.78 283927.83 72.10
386821.78 283837.83 54.27
386821.78 283747.83 38.16
386821.78 283657.83 15.91
386821.78 283567.83 4.45
386821.78 283477.83 2.78
386821.78 283387.83 2.40
386821.78 283297.83 2.07
386821.78 283207.83 2.24
386821.78 283117.83 2.36
386821.78 283027.83 2.24
386821.78 282937.83 2.54
386821.78 282847.83 2.62
386821.78 282757.83 2.83
386821.78 282667.83 2.72
386821.78 282307.83 2.29
386821.78 282217.83 2.71
386821.78 281767.83 2.18
386821.78 281677.83 2.36
386911.78 285457.83 34.99
386911.78 285367.83 43.72
386911.78 285277.83 60.09
386911.78 285187.83 79.25
386911.78 285097.83 97.39
386911.78 285007.83 76.70
386911.78 284917.83 55.49
386911.78 284827.83 44.71
386911.78 284737.83 53.12
386911.78 284647.83 50.95
386911.78 284557.83 58.01
386911.78 284467.83 76.21
386911.78 284377.83 92.32
386911.78 284287.83 109.24
386911.78 284197.83 101.74
386911.78 284107.83 82.60
386911.78 284017.83 68.07
386911.78 283927.83 56.55
386911.78 283837.83 34.00
386911.78 283747.83 21.13
386911.78 283657.83 8.12
386911.78 283567.83 3.12
386911.78 283477.83 2.55
386911.78 283387.83 2.41
386911.78 283297.83 2.42
386911.78 283207.83 2.16
386911.78 283117.83 1.90
386911.78 283027.83 2.28
386911.78 282937.83 2.56
386911.78 282847.83 2.52
386911.78 282307.83 1.94
386911.78 282217.83 2.73
386911.78 281677.83 2.38
387001.78 285457.83 24.07
387001.78 285367.83 40.19
387001.78 285277.83 54.96
387001.78 285187.83 75.89
387001.78 285097.83 92.68
387001.78 285007.83 88.97
387001.78 284917.83 70.80
387001.78 284827.83 41.60
387001.78 284737.83 35.73
387001.78 284647.83 47.85
387001.78 284557.83 63.99
387001.78 284467.83 72.96
387001.78 284377.83 91.03
387001.78 284287.83 92.21
387001.78 284197.83 81.53
387001.78 284107.83 61.50
387001.78 284017.83 45.80
387001.78 283927.83 36.41
387001.78 283837.83 18.75
387001.78 283747.83 9.17
387001.78 283657.83 3.95
387001.78 283567.83 2.46
387001.78 283477.83 2.19
387001.78 283387.83 2.08
387001.78 283297.83 2.02
387001.78 283207.83 1.75
387001.78 283117.83 1.67
387001.78 283027.83 3.91
387001.78 282937.83 2.92
387001.78 282127.83 2.78
387091.78 285457.83 18.96
387091.78 285367.83 34.64
387091.78 285277.83 54.53
387091.78 285187.83 66.43
387091.78 285097.83 72.06
387091.78 285007.83 75.36
387091.78 284917.83 55.69
387091.78 284827.83 30.81
387091.78 284737.83 24.17
387091.78 284647.83 42.00
387091.78 284557.83 61.97
387091.78 284467.83 64.20
387091.78 284377.83 75.92
387091.78 284287.83 73.50
387091.78 284197.83 59.61
387091.78 284107.83 38.83
387091.78 284017.83 23.40
387091.78 283927.83 14.24
387091.78 283837.83 6.97
387091.78 283747.83 3.80
387091.78 283657.83 2.47
387091.78 283567.83 2.09
387091.78 283477.83 1.95
387091.78 283387.83 1.98
387091.78 283297.83 2.23
387091.78 283207.83 1.90
387091.78 283117.83 1.75
387091.78 283027.83 5.40
387091.78 282937.83 3.36
387091.78 282127.83 2.55
387091.78 282037.83 2.51
387181.78 285457.83 10.19
387181.78 285367.83 18.58
387181.78 285277.83 32.23
387181.78 285187.83 42.28
387181.78 285097.83 43.82
387181.78 285007.83 56.36
387181.78 284917.83 45.88
387181.78 284827.83 23.26
387181.78 284737.83 16.35
387181.78 284647.83 30.21
387181.78 284557.83 50.90
387181.78 284467.83 50.18
387181.78 284377.83 48.62
387181.78 284287.83 45.75
387181.78 284197.83 37.08
387181.78 284107.83 20.16
387181.78 284017.83 9.32
387181.78 283927.83 4.62
387181.78 283837.83 4.13
387181.78 283747.83 2.91
387181.78 283657.83 3.50
387181.78 283567.83 2.69
387181.78 283477.83 2.45
387181.78 283387.83 2.19
387181.78 283297.83 2.21
387181.78 283207.83 2.18
387181.78 283117.83 2.09
387181.78 283027.83 4.71
387181.78 282397.83 2.40
387181.78 282127.83 2.55
387181.78 282037.83 2.49
387271.78 285367.83 7.97
387271.78 285277.83 15.65
387271.78 285187.83 18.66
387271.78 285097.83 19.48
387271.78 285007.83 27.33
387271.78 284917.83 23.81
387271.78 284827.83 14.37
387271.78 284737.83 11.91
387271.78 284647.83 20.99
387271.78 284557.83 34.38
387271.78 284467.83 28.82
387271.78 284377.83 24.05
387271.78 284287.83 22.28
387271.78 284197.83 15.86
387271.78 284107.83 8.46
387271.78 284017.83 4.42
387271.78 283927.83 5.41
387271.78 283837.83 3.97
387271.78 283747.83 2.68
387271.78 283657.83 3.54
387271.78 283567.83 2.74
387271.78 283477.83 2.20
387271.78 283387.83 2.09
387271.78 283297.83 2.00
387271.78 283207.83 2.03
387271.78 283117.83 2.09
387271.78 283027.83 2.91
387271.78 282577.83 2.34
387271.78 282487.83 2.62
387271.78 282397.83 3.00
387271.78 282307.83 2.66
387361.78 285367.83 5.44
387361.78 285277.83 7.55
387361.78 285187.83 7.65
387361.78 285097.83 8.02
387361.78 285007.83 8.92
387361.78 284917.83 7.95
387361.78 284827.83 7.07
387361.78 284737.83 7.22
387361.78 284647.83 9.37
387361.78 284557.83 12.06
387361.78 284467.83 9.65
387361.78 284377.83 8.04
387361.78 284287.83 7.31
387361.78 284197.83 5.55
387361.78 284107.83 4.40
387361.78 284017.83 3.82
387361.78 283927.83 4.40
387361.78 283837.83 3.00
387361.78 283747.83 2.24
387361.78 283657.83 2.32
387361.78 283567.83 2.31
387361.78 283477.83 2.41
387361.78 283387.83 2.66
387361.78 283297.83 4.05
387361.78 283207.83 2.82
387361.78 283117.83 2.29
387361.78 283027.83 2.49
387361.78 282937.83 2.37
387361.78 282847.83 2.45
387361.78 282757.83 2.70
387361.78 282667.83 2.97
387361.78 282577.83 2.94
387361.78 282487.83 2.72
387361.78 282397.83 2.99
387361.78 282307.83 2.89
387361.78 282217.83 2.65
387451.78 285367.83 4.69
387451.78 285277.83 4.72
387451.78 285187.83 5.51
387451.78 285097.83 8.16
387451.78 285007.83 5.67
387451.78 284917.83 4.47
387451.78 284827.83 4.43
387451.78 284737.83 4.66
387451.78 284647.83 4.41
387451.78 284557.83 3.84
387451.78 284467.83 3.53
387451.78 284377.83 3.38
387451.78 284287.83 3.48
387451.78 284197.83 3.79
387451.78 284107.83 3.60
387451.78 284017.83 2.90
387451.78 283927.83 2.91
387451.78 283837.83 2.53
387451.78 283747.83 2.06
387451.78 283657.83 1.86
387451.78 283567.83 2.29
387451.78 283477.83 4.51
387451.78 283387.83 6.82
387451.78 283297.83 4.17
387451.78 283207.83 2.67
387451.78 283117.83 2.70
387451.78 283027.83 2.77
387451.78 282937.83 2.59
387451.78 282847.83 2.87
387451.78 282757.83 3.11
387451.78 282667.83 3.01
387451.78 282577.83 2.85
387451.78 282487.83 2.94
387451.78 282397.83 2.90
387451.78 282307.83 2.82
387451.78 282217.83 2.66
387541.78 285367.83 4.06
387541.78 285277.83 4.81
387541.78 285187.83 4.60
387541.78 285097.83 5.15
387541.78 285007.83 4.29
387541.78 284917.83 3.84
387541.78 284827.83 3.73
387541.78 284737.83 3.82
387541.78 284647.83 3.32
387541.78 284557.83 2.86
387541.78 284467.83 2.75
387541.78 284377.83 2.95
387541.78 284287.83 2.96
387541.78 284197.83 3.15
387541.78 284107.83 3.04
387541.78 284017.83 2.46
387541.78 283927.83 2.82
387541.78 283837.83 2.48
387541.78 283747.83 2.04
387541.78 283657.83 1.82
387541.78 283567.83 2.76
387541.78 283477.83 6.52
387541.78 283387.83 6.38
387541.78 283297.83 3.48
387541.78 283207.83 2.57
387541.78 283117.83 2.91
387541.78 283027.83 2.64
387541.78 282937.83 2.55
387541.78 282847.83 3.04
387541.78 282757.83 2.97
387541.78 282667.83 2.88
387541.78 282577.83 2.98
387541.78 282487.83 2.88
387541.78 282397.83 2.59
387541.78 282307.83 2.69
387631.78 285277.83 4.28
387631.78 285187.83 4.07
387631.78 285097.83 3.63
387631.78 285007.83 3.50
387631.78 284917.83 3.32
387631.78 284827.83 3.38
387631.78 284737.83 3.39
387631.78 284647.83 2.89
387631.78 284557.83 2.55
387631.78 284467.83 2.41
387631.78 284377.83 2.52
387631.78 284287.83 2.64
387631.78 284197.83 2.73
387631.78 284107.83 2.80
387631.78 284017.83 3.20
387631.78 283927.83 2.94
387631.78 283837.83 2.40
387631.78 283747.83 2.06
387631.78 283657.83 1.85
387631.78 283567.83 2.92
387631.78 283477.83 5.14
387631.78 283387.83 4.06
387631.78 283297.83 2.97
387631.78 283207.83 2.88
387631.78 283117.83 2.70
387631.78 283027.83 2.63
387631.78 282937.83 2.82
387631.78 282847.83 2.84
387631.78 282757.83 2.95
387631.78 282667.83 2.99
387631.78 282577.83 2.88
387631.78 282487.83 2.75
387631.78 282397.83 2.48
387721.78 285277.83 3.43
387721.78 285187.83 3.34
387721.78 285097.83 3.26
387721.78 285007.83 3.54
387721.78 284917.83 3.22
387721.78 284827.83 3.26
387721.78 284737.83 3.35
387721.78 284647.83 2.97
387721.78 284557.83 2.70
387721.78 284467.83 2.54
387721.78 284377.83 2.52
387721.78 284287.83 3.21
387721.78 284197.83 4.63
387721.78 284107.83 3.39
387721.78 284017.83 2.62
387721.78 283927.83 2.63
387721.78 283837.83 2.37
387721.78 283747.83 2.00
387721.78 283657.83 1.85
387721.78 283567.83 2.14
387721.78 283477.83 2.93
387721.78 283387.83 2.98
387721.78 283297.83 2.90
387721.78 283207.83 2.67
387721.78 283117.83 2.71
387721.78 283027.83 2.82
387721.78 282937.83 2.65
387721.78 282847.83 2.94
387721.78 282757.83 2.98
387721.78 282667.83 2.87
387721.78 282577.83 2.76
387811.78 285277.83 3.00
387811.78 285187.83 2.77
387811.78 285097.83 2.69
387811.78 285007.83 2.86
387811.78 284917.83 2.75
387811.78 284827.83 3.32
387811.78 284737.83 3.39
387811.78 284647.83 3.12
387811.78 284557.83 2.87
387811.78 284467.83 2.62
387811.78 284377.83 2.46
387811.78 284287.83 10.62
387811.78 284197.83 22.55
387811.78 284107.83 9.79
387811.78 284017.83 3.04
387811.78 283927.83 2.45
387811.78 283837.83 2.12
387811.78 283747.83 1.91
387811.78 283657.83 1.95
387811.78 283567.83 1.73
387811.78 283477.83 2.33
387811.78 283387.83 2.69
387811.78 283297.83 2.66
387811.78 283207.83 2.77
387811.78 283117.83 2.79
387811.78 283027.83 2.70
387811.78 282937.83 2.82
387811.78 282847.83 2.84
387811.78 282757.83 2.48
387811.78 282667.83 2.66
387901.78 285277.83 3.76
387901.78 285187.83 2.94
387901.78 285097.83 2.54
387901.78 285007.83 2.37
387901.78 284917.83 2.42
387901.78 284827.83 2.86
387901.78 284737.83 3.07
387901.78 284647.83 3.15
387901.78 284557.83 3.01
387901.78 284467.83 2.59
387901.78 284377.83 2.36
387901.78 284287.83 5.77
387901.78 284197.83 12.22
387901.78 284107.83 6.06
387901.78 284017.83 2.52
387901.78 283927.83 2.13
387901.78 283837.83 1.85
387901.78 283747.83 1.71
387901.78 283657.83 1.75
387901.78 283567.83 1.57
387901.78 283477.83 2.55
387901.78 283387.83 2.75
387901.78 283297.83 2.82
387901.78 283207.83 2.74
387901.78 283117.83 2.70
387901.78 283027.83 2.93
387901.78 282937.83 3.02
387901.78 282847.83 2.77
387901.78 282757.83 2.29
387991.78 285277.83 4.05
387991.78 285187.83 2.05
387991.78 285097.83 2.76
387991.78 285007.83 2.41
387991.78 284917.83 2.38
387991.78 284827.83 3.01
387991.78 284737.83 3.08
387991.78 284647.83 2.82
387991.78 284557.83 2.70
387991.78 284467.83 2.60
387991.78 284377.83 2.37
387991.78 284287.83 2.34
387991.78 284197.83 3.07
387991.78 284107.83 2.19
387991.78 284017.83 1.71
387991.78 283927.83 1.71
387991.78 283837.83 1.70
387991.78 283747.83 1.62
387991.78 283657.83 1.64
387991.78 283567.83 1.76
387991.78 283477.83 3.64
387991.78 283387.83 3.35
387991.78 283297.83 2.72
387991.78 283207.83 2.74
387991.78 283117.83 2.98
387991.78 283027.83 2.91
387991.78 282937.83 2.87
388081.78 285187.83 3.24
388081.78 285097.83 2.73
388081.78 285007.83 2.10
388081.78 284917.83 2.19
388081.78 284827.83 2.57
388081.78 284737.83 2.99
388081.78 284647.83 3.01
388081.78 284557.83 3.08
388081.78 284467.83 3.13
388081.78 284377.83 2.56
388081.78 284287.83 2.63
388081.78 284197.83 2.35
388081.78 284107.83 1.57
388081.78 284017.83 1.34
388081.78 283927.83 1.53
388081.78 283837.83 1.67
388081.78 283747.83 1.72
388081.78 283657.83 1.62
388081.78 283567.83 5.18
388081.78 283477.83 6.60
388081.78 283387.83 3.53
388081.78 283297.83 2.60
388081.78 283207.83 2.68
388081.78 283117.83 2.76
388081.78 283027.83 2.58
388171.78 285187.83 3.95
388171.78 285097.83 2.87
388171.78 285007.83 2.42
388171.78 284917.83 2.38
388171.78 284827.83 2.89
388171.78 284737.83 2.76
388171.78 284647.83 2.51
388171.78 284557.83 2.77
388171.78 284467.83 2.65
388171.78 284377.83 2.60
388171.78 284287.83 2.98
388171.78 284197.83 5.95
388171.78 284107.83 12.36
388171.78 284017.83 13.67
388171.78 283927.83 12.19
388171.78 283837.83 8.17
388171.78 283747.83 4.26
388171.78 283657.83 1.93
388171.78 283567.83 8.12
388171.78 283477.83 7.41
388171.78 283387.83 3.24
388171.78 283297.83 2.59
388171.78 283207.83 2.65
388261.78 285187.83 8.69
388261.78 285097.83 6.86
388261.78 285007.83 7.37
388261.78 284917.83 6.43
388261.78 284827.83 5.44
388261.78 284737.83 4.73
388261.78 284647.83 9.28
388261.78 284557.83 8.84
388261.78 284467.83 4.64
388261.78 284377.83 4.65
388261.78 284287.83 4.13
388261.78 284197.83 4.02
388261.78 284107.83 6.22
388261.78 284017.83 6.82
388261.78 283927.83 6.04
388261.78 283837.83 3.96
388261.78 283747.83 2.65
388261.78 283657.83 2.77
388261.78 283567.83 5.77
388261.78 283477.83 13.24
388351.78 285097.83 7.89
388351.78 285007.83 7.17
388351.78 284917.83 6.38
388351.78 284827.83 6.16
388351.78 284737.83 7.48
388351.78 284647.83 11.44
388351.78 284557.83 7.36
388351.78 284467.83 4.05
388351.78 284377.83 4.17
388351.78 284287.83 5.66
388351.78 284197.83 3.41
388351.78 284107.83 5.32
388351.78 284017.83 4.52
388351.78 283927.83 6.36
388351.78 283837.83 12.29
388351.78 283747.83 13.42
388351.78 283657.83 10.46
388351.78 283567.83 15.87
388351.78 283477.83 10.36
388351.78 283387.83 7.15
388351.78 283297.83 2.18
388351.78 283207.83 2.08
388351.78 283117.83 1.92
388351.78 282847.83 3.10
388351.78 282757.83 3.11
388441.78 285097.83 9.56
388441.78 285007.83 11.18
388441.78 284917.83 13.72
388441.78 284827.83 14.03
388441.78 284737.83 14.13
388441.78 284647.83 16.04
388441.78 284557.83 19.82
388441.78 284467.83 19.02
388441.78 284377.83 9.65
388441.78 284287.83 9.37
388441.78 284197.83 5.05
388441.78 284107.83 4.32
388441.78 284017.83 8.91
388441.78 283927.83 9.45
388441.78 283837.83 16.80
388441.78 283747.83 31.68
388441.78 283657.83 40.81
388441.78 283567.83 45.42
388441.78 283477.83 25.51
388441.78 283387.83 11.69
388441.78 283297.83 5.96
388441.78 283207.83 4.36
388441.78 283117.83 3.24
388441.78 283027.83 2.47
388441.78 282937.83 2.61
388441.78 282847.83 3.36
388531.78 285007.83 19.53
388531.78 284917.83 19.42
388531.78 284827.83 18.74
388531.78 284737.83 19.02
388531.78 284647.83 27.75
388531.78 284557.83 32.25
388531.78 284467.83 30.49
388531.78 284377.83 19.24
388531.78 284287.83 9.98
388531.78 284197.83 5.01
388531.78 284107.83 9.46
388531.78 284017.83 16.13
388531.78 283927.83 15.37
388531.78 283837.83 15.74
388531.78 283747.83 32.94
388531.78 283657.83 55.83
388531.78 283567.83 54.60
388531.78 283477.83 42.95
388531.78 283387.83 41.03
388531.78 283297.83 34.19
388531.78 283207.83 17.80
388531.78 283117.83 9.18
388531.78 283027.83 4.50
388531.78 282937.83 2.52
388621.78 284827.83 27.05
388621.78 284737.83 27.64
388621.78 284647.83 31.84
388621.78 284557.83 32.97
388621.78 284467.83 30.56
388621.78 284377.83 20.02
388621.78 284287.83 8.56
388621.78 284197.83 4.62
388621.78 284107.83 14.84
388621.78 284017.83 28.61
388621.78 283927.83 29.53
388621.78 283837.83 26.76
388621.78 283747.83 30.20
388621.78 283657.83 40.77
388621.78 283567.83 51.74
388621.78 283477.83 54.80
388621.78 283387.83 48.21
388621.78 283297.83 32.15
388621.78 283207.83 18.66
388621.78 283117.83 9.90
388711.78 284017.83 44.83
388711.78 283927.83 54.98
388711.78 283837.83 55.51
388711.78 283747.83 53.16
388711.78 283657.83 48.01
388711.78 283567.83 44.12
388711.78 283477.83 40.10
388711.78 283387.83 32.24
388711.78 283297.83 24.70
388711.78 283207.83 16.01
