386023.48 290469.55 206.37
386023.48 290379.55 185.51
386023.48 290289.55 175.93
386023.48 290199.55 163.14
386113.48 290649.55 260.85
386113.48 290559.55 237.99
386113.48 290469.55 215.17
386113.48 290379.55 200.61
386113.48 290289.55 193.09
386113.48 290199.55 186.83
386113.48 290109.55 199.44
386113.48 290019.55 187.16
386203.48 290739.55 302.30
386203.48 290649.55 280.46
386203.48 290559.55 257.87
386203.48 290469.55 239.03
386203.48 290379.55 229.23
386203.48 290289.55 220.01
386203.48 290199.55 213.61
386203.48 290109.55 223.91
386203.48 290019.55 196.62
386203.48 289929.55 193.49
386293.48 290739.55 341.92
386293.48 290649.55 313.44
386293.48 290559.55 289.43
386293.48 290469.55 278.36
386293.48 290379.55 270.85
386293.48 290289.55 259.15
386293.48 290199.55 245.58
386293.48 290109.55 226.72
386293.48 290019.55 174.33
386293.48 289929.55 171.49
386293.48 289839.55 177.67
386383.48 290829.55 302.73
386383.48 290739.55 357.69
386383.48 290649.55 354.61
386383.48 290559.55 344.11
386383.48 290469.55 324.12
386383.48 290379.55 320.48
386383.48 290289.55 303.66
386383.48 290199.55 270.55
386383.48 290109.55 224.93
386383.48 290019.55 157.24
386383.48 289929.55 143.42
386383.48 289839.55 136.02
386383.48 289749.55 130.60
386473.48 290829.55 256.48
386473.48 290739.55 325.81
386473.48 290649.55 374.82
386473.48 290559.55 378.54
386473.48 290469.55 340.36
386473.48 290379.55 315.80
386473.48 290289.55 281.51
386473.48 290199.55 256.49
386473.48 290109.55 207.28
386473.48 290019.55 145.89
386473.48 289929.55 124.84
386473.48 289839.55 117.98
386473.48 289749.55 108.72
386473.48 289659.55 98.29
386563.48 290829.55 221.20
386563.48 290739.55 287.05
386563.48 290649.55 328.87
386563.48 290559.55 348.12
386563.48 290469.55 302.17
386563.48 290379.55 260.65
386563.48 290289.55 233.08
386563.48 290199.55 212.94
386563.48 290109.55 181.66
386563.48 290019.55 132.68
386563.48 289929.55 119.61
386563.48 289839.55 108.60
386563.48 289749.55 97.37
386563.48 289659.55 88.69
386563.48 289569.55 85.01
386653.48 290829.55 159.36
386653.48 290739.55 207.20
386653.48 290649.55 246.65
386653.48 290559.55 270.64
386653.48 290469.55 240.92
386653.48 290379.55 200.86
386653.48 290289.55 171.23
386653.48 290199.55 148.92
386653.48 290109.55 132.15
386653.48 290019.55 108.26
386653.48 289929.55 121.09
386653.48 289839.55 125.28
386653.48 289749.55 112.70
386653.48 289659.55 112.53
386653.48 289569.55 109.35
386653.48 289479.55 105.18
386653.48 289389.55 100.07
386743.48 290919.55 130.52
386743.48 290829.55 135.00
386743.48 290739.55 160.88
386743.48 290649.55 184.61
386743.48 290559.55 205.60
386743.48 290469.55 202.96
386743.48 290379.55 173.98
386743.48 290289.55 144.00
386743.48 290199.55 124.79
386743.48 290109.55 108.81
386743.48 290019.55 88.25
386743.48 289929.55 98.20
386743.48 289839.55 115.42
386743.48 289749.55 134.31
386743.48 289659.55 137.27
386743.48 289569.55 139.08
386743.48 289479.55 133.20
386743.48 289389.55 113.97
386743.48 289299.55 75.47
386833.48 290919.55 105.29
386833.48 290829.55 114.97
386833.48 290739.55 128.52
386833.48 290649.55 138.45
386833.48 290559.55 149.27
386833.48 290469.55 165.70
386833.48 290379.55 150.66
386833.48 290289.55 125.76
386833.48 290199.55 108.15
386833.48 290109.55 89.19
386833.48 290019.55 76.05
386833.48 289929.55 77.70
386833.48 289839.55 99.51
386833.48 289749.55 111.50
386833.48 289659.55 123.18
386833.48 289569.55 126.02
386833.48 289479.55 123.29
386833.48 289389.55 97.24
386833.48 289299.55 70.92
386833.48 289209.55 60.97
386923.48 290919.55 94.48
386923.48 290829.55 97.61
386923.48 290739.55 99.49
386923.48 290649.55 106.79
386923.48 290559.55 118.95
386923.48 290469.55 131.86
386923.48 290379.55 128.43
386923.48 290289.55 117.53
386923.48 290199.55 93.95
386923.48 290109.55 75.93
386923.48 290019.55 62.42
386923.48 289929.55 58.68
386923.48 289839.55 69.66
386923.48 289749.55 83.24
386923.48 289659.55 99.44
386923.48 289569.55 99.12
386923.48 289479.55 101.60
386923.48 289389.55 85.71
386923.48 289299.55 68.90
386923.48 289209.55 62.28
386923.48 289119.55 58.36
387013.48 291009.55 82.11
387013.48 290919.55 76.36
387013.48 290829.55 76.93
387013.48 290739.55 88.94
387013.48 290649.55 92.44
387013.48 290559.55 98.03
387013.48 290469.55 108.08
387013.48 290379.55 128.79
387013.48 290289.55 109.63
387013.48 290199.55 81.65
387013.48 290109.55 70.38
387013.48 290019.55 55.29
387013.48 289929.55 52.18
387013.48 289839.55 57.07
387013.48 289749.55 71.81
387013.48 289659.55 82.41
387013.48 289569.55 97.67
387013.48 289479.55 117.11
387013.48 289389.55 103.33
387013.48 289299.55 74.44
387013.48 289209.55 67.64
387013.48 289119.55 67.14
387013.48 289029.55 65.88
387103.48 291009.55 69.30
387103.48 290919.55 66.81
387103.48 290829.55 70.44
387103.48 290739.55 70.85
387103.48 290649.55 74.03
387103.48 290559.55 75.93
387103.48 290469.55 98.88
387103.48 290379.55 116.43
387103.48 290289.55 89.52
387103.48 290199.55 66.34
387103.48 290109.55 56.31
387103.48 290019.55 53.87
387103.48 289929.55 53.59
387103.48 289839.55 59.57
387103.48 289749.55 69.42
387103.48 289659.55 90.58
387103.48 289569.55 110.55
387103.48 289479.55 128.64
387103.48 289389.55 126.98
387103.48 289299.55 86.68
387103.48 289209.55 83.65
387103.48 289119.55 74.68
387103.48 289029.55 68.93
387103.48 288939.55 66.15
387193.48 291009.55 59.10
387193.48 290919.55 61.04
387193.48 290829.55 62.68
387193.48 290739.55 61.19
387193.48 290649.55 63.63
387193.48 290559.55 68.40
387193.48 290469.55 85.13
387193.48 290379.55 99.58
387193.48 290289.55 76.84
387193.48 290199.55 51.27
387193.48 290109.55 41.24
387193.48 290019.55 42.73
387193.48 289929.55 53.46
387193.48 289839.55 67.58
387193.48 289749.55 83.21
387193.48 289659.55 106.34
387193.48 289569.55 136.44
387193.48 289479.55 146.21
387193.48 289389.55 137.11
387193.48 289299.55 106.80
387193.48 289209.55 91.68
387193.48 289119.55 83.14
387193.48 289029.55 73.24
387193.48 288939.55 83.23
387193.48 288849.55 81.21
387283.48 291099.55 43.49
387283.48 291009.55 50.34
387283.48 290919.55 51.42
387283.48 290829.55 50.47
387283.48 290739.55 55.65
387283.48 290649.55 55.13
387283.48 290559.55 70.04
387283.48 290469.55 84.31
387283.48 290379.55 79.47
387283.48 290289.55 60.21
387283.48 290199.55 46.11
387283.48 290109.55 39.08
387283.48 290019.55 42.16
387283.48 289929.55 52.99
387283.48 289839.55 74.32
387283.48 289749.55 96.97
387283.48 289659.55 114.54
387283.48 289569.55 147.64
387283.48 289479.55 170.01
387283.48 289389.55 159.61
387283.48 289299.55 134.00
387283.48 289209.55 117.15
387283.48 289119.55 100.13
387283.48 289029.55 95.04
387283.48 288939.55 85.31
387283.48 288849.55 68.21
387283.48 288759.55 57.71
387373.48 291099.55 32.81
387373.48 291009.55 34.02
387373.48 290919.55 33.61
387373.48 290829.55 32.65
387373.48 290739.55 38.61
387373.48 290649.55 55.52
387373.48 290559.55 71.02
387373.48 290469.55 70.29
387373.48 290379.55 46.93
387373.48 290289.55 39.97
387373.48 290199.55 33.47
387373.48 290109.55 32.61
387373.48 290019.55 42.72
387373.48 289929.55 61.29
387373.48 289839.55 75.91
387373.48 289749.55 108.08
387373.48 289659.55 135.88
387373.48 289569.55 173.91
387373.48 289479.55 191.94
387373.48 289389.55 192.02
387373.48 289299.55 146.31
387373.48 289209.55 125.37
387373.48 289119.55 96.00
387373.48 289029.55 79.83
387373.48 288939.55 73.09
387373.48 288849.55 73.09
387373.48 288759.55 74.45
387373.48 288669.55 86.04
387373.48 288579.55 87.80
387463.48 291099.55 28.20
387463.48 291009.55 27.83
387463.48 290919.55 26.73
387463.48 290829.55 26.46
387463.48 290739.55 31.52
387463.48 290649.55 38.50
387463.48 290559.55 42.81
387463.48 290469.55 40.95
387463.48 290379.55 38.43
387463.48 290289.55 32.73
387463.48 290199.55 35.50
387463.48 290109.55 31.23
387463.48 290019.55 40.52
387463.48 289929.55 61.06
387463.48 289839.55 74.54
387463.48 289749.55 98.44
387463.48 289659.55 120.30
387463.48 289569.55 144.46
387463.48 289479.55 174.54
387463.48 289389.55 179.53
387463.48 289299.55 125.97
387463.48 289209.55 106.32
387463.48 289119.55 88.25
387463.48 289029.55 81.18
387463.48 288939.55 82.31
387463.48 288849.55 94.61
387463.48 288759.55 74.61
387463.48 288669.55 65.58
387463.48 288579.55 69.59
387463.48 288489.55 86.65
387553.48 291189.55 27.64
387553.48 291099.55 25.34
387553.48 291009.55 24.17
387553.48 290919.55 23.11
387553.48 290829.55 23.12
387553.48 290739.55 27.14
387553.48 290649.55 31.71
387553.48 290559.55 35.44
387553.48 290469.55 31.65
387553.48 290379.55 34.46
387553.48 290289.55 29.67
387553.48 290199.55 30.72
387553.48 290109.55 33.65
387553.48 290019.55 42.90
387553.48 289929.55 63.09
387553.48 289839.55 74.74
387553.48 289749.55 100.25
387553.48 289659.55 116.97
387553.48 289569.55 147.75
387553.48 289479.55 184.42
387553.48 289389.55 173.22
387553.48 289299.55 124.49
387553.48 289209.55 112.87
387553.48 289119.55 93.39
387553.48 289029.55 102.71
387553.48 288939.55 102.27
387553.48 288849.55 105.23
387553.48 288759.55 83.26
387553.48 288669.55 74.98
387553.48 288579.55 51.51
387553.48 288489.55 62.31
387553.48 288399.55 73.74
387643.48 291189.55 28.95
387643.48 291099.55 25.43
387643.48 291009.55 23.15
387643.48 290919.55 21.79
387643.48 290829.55 19.89
387643.48 290739.55 20.01
387643.48 290649.55 23.67
387643.48 290559.55 23.09
387643.48 290469.55 29.64
387643.48 290379.55 26.32
387643.48 290289.55 30.25
387643.48 290199.55 27.76
387643.48 290109.55 37.77
387643.48 290019.55 52.13
387643.48 289929.55 65.73
387643.48 289839.55 85.07
387643.48 289749.55 121.25
387643.48 289659.55 140.71
387643.48 289569.55 157.59
387643.48 289479.55 182.91
387643.48 289389.55 183.78
387643.48 289299.55 142.59
387643.48 289209.55 115.61
387643.48 289119.55 108.20
387643.48 289029.55 123.21
387643.48 288939.55 102.09
387643.48 288849.55 89.36
387643.48 288759.55 73.49
387643.48 288669.55 74.01
387643.48 288579.55 52.74
387643.48 288489.55 44.29
387643.48 288399.55 49.93
387643.48 288309.55 47.81
387733.48 291189.55 29.26
387733.48 291099.55 25.48
387733.48 291009.55 25.47
387733.48 290919.55 24.47
387733.48 290829.55 21.20
387733.48 290739.55 18.72
387733.48 290649.55 20.41
387733.48 290559.55 20.24
387733.48 290469.55 23.57
387733.48 290379.55 24.91
387733.48 290289.55 23.84
387733.48 290199.55 27.39
387733.48 290109.55 35.69
387733.48 290019.55 57.11
387733.48 289929.55 73.95
387733.48 289839.55 102.27
387733.48 289749.55 132.38
387733.48 289659.55 153.99
387733.48 289569.55 168.24
387733.48 289479.55 186.73
387733.48 289389.55 191.13
387733.48 289299.55 153.98
387733.48 289209.55 131.70
387733.48 289119.55 124.35
387733.48 289029.55 133.11
387733.48 288939.55 107.38
387733.48 288849.55 87.92
387733.48 288759.55 67.03
387733.48 288669.55 58.21
387733.48 288579.55 42.50
387733.48 288489.55 37.13
387733.48 288399.55 37.60
387733.48 288309.55 42.48
387823.48 291189.55 26.90
387823.48 291099.55 27.16
387823.48 291009.55 28.36
387823.48 290919.55 26.00
387823.48 290829.55 21.35
387823.48 290739.55 17.20
387823.48 290649.55 17.55
387823.48 290559.55 18.06
387823.48 290469.55 18.30
387823.48 290379.55 20.70
387823.48 290289.55 22.19
387823.48 290199.55 27.11
387823.48 290109.55 34.07
387823.48 290019.55 47.52
387823.48 289929.55 69.38
387823.48 289839.55 87.74
387823.48 289749.55 114.30
387823.48 289659.55 133.19
387823.48 289569.55 149.52
387823.48 289479.55 174.91
387823.48 289389.55 168.91
387823.48 289299.55 157.02
387823.48 289209.55 142.94
387823.48 289119.55 135.59
387823.48 289029.55 137.30
387823.48 288939.55 115.20
387823.48 288849.55 89.91
387823.48 288759.55 72.26
387823.48 288669.55 66.88
387823.48 288579.55 53.41
387823.48 288489.55 34.89
387823.48 288399.55 35.54
387823.48 288309.55 45.60
387913.48 291279.55 26.02
387913.48 291189.55 24.63
387913.48 291099.55 25.21
387913.48 291009.55 24.79
387913.48 290919.55 24.68
387913.48 290829.55 20.77
387913.48 290739.55 15.68
387913.48 290649.55 14.87
387913.48 290559.55 15.67
387913.48 290469.55 16.93
387913.48 290379.55 17.54
387913.48 290289.55 22.82
387913.48 290199.55 23.92
387913.48 290109.55 33.32
387913.48 290019.55 43.88
387913.48 289929.55 63.21
387913.48 289839.55 72.45
387913.48 289749.55 92.27
387913.48 289659.55 122.09
387913.48 289569.55 155.36
387913.48 289479.55 163.18
387913.48 289389.55 146.95
387913.48 289299.55 132.64
387913.48 289209.55 125.40
387913.48 289119.55 107.06
387913.48 289029.55 116.02
387913.48 288939.55 99.82
387913.48 288849.55 93.79
387913.48 288759.55 83.07
387913.48 288669.55 73.62
387913.48 288579.55 64.14
387913.48 288489.55 32.16
387913.48 288399.55 39.05
387913.48 288309.55 46.44
388003.48 291279.55 22.73
388003.48 291189.55 21.73
388003.48 291099.55 20.97
388003.48 291009.55 18.94
388003.48 290919.55 16.61
388003.48 290829.55 15.14
388003.48 290739.55 12.24
388003.48 290649.55 12.27
388003.48 290559.55 13.03
388003.48 290469.55 14.16
388003.48 290379.55 15.97
388003.48 290289.55 21.94
388003.48 290199.55 23.58
388003.48 290109.55 28.12
388003.48 290019.55 45.12
388003.48 289929.55 57.96
388003.48 289839.55 73.38
388003.48 289749.55 88.50
388003.48 289659.55 106.58
388003.48 289569.55 133.27
388003.48 289479.55 144.77
388003.48 289389.55 121.91
388003.48 289299.55 105.74
388003.48 289209.55 106.58
388003.48 289119.55 84.55
388003.48 289029.55 80.05
388003.48 288939.55 71.43
388003.48 288849.55 75.90
388003.48 288759.55 65.91
388003.48 288669.55 57.78
388003.48 288579.55 39.53
388003.48 288489.55 29.54
388003.48 288399.55 35.44
388003.48 288309.55 43.01
388093.48 291279.55 31.51
388093.48 291189.55 33.18
388093.48 291099.55 27.42
388093.48 291009.55 22.51
388093.48 290919.55 16.83
388093.48 290829.55 13.40
388093.48 290739.55 10.76
388093.48 290649.55 11.03
388093.48 290559.55 11.52
388093.48 290469.55 12.14
388093.48 290379.55 12.53
388093.48 290289.55 15.77
388093.48 290199.55 19.12
388093.48 290109.55 21.00
388093.48 290019.55 35.85
388093.48 289929.55 42.17
388093.48 289839.55 51.33
388093.48 289749.55 60.57
388093.48 289659.55 77.54
388093.48 289569.55 92.02
388093.48 289479.55 104.32
388093.48 289389.55 91.23
388093.48 289299.55 67.86
388093.48 289209.55 63.94
388093.48 289119.55 51.77
388093.48 289029.55 47.48
388093.48 288939.55 43.04
388093.48 288849.55 48.08
388093.48 288759.55 51.76
388093.48 288669.55 56.79
388093.48 288579.55 40.80
388093.48 288489.55 23.83
388093.48 288399.55 23.23
388093.48 288309.55 26.97
388183.48 291369.55 27.68
388183.48 291279.55 36.54
388183.48 291189.55 37.78
388183.48 291099.55 26.65
388183.48 291009.55 18.40
388183.48 290919.55 17.78
388183.48 290829.55 16.04
388183.48 290739.55 9.89
388183.48 290649.55 10.50
388183.48 290559.55 10.98
388183.48 290469.55 11.58
388183.48 290379.55 12.76
388183.48 290289.55 15.55
388183.48 290199.55 17.86
388183.48 290109.55 21.55
388183.48 290019.55 26.40
388183.48 289929.55 29.65
388183.48 289839.55 36.24
388183.48 289749.55 43.70
388183.48 289659.55 56.35
388183.48 289569.55 74.78
388183.48 289479.55 76.34
388183.48 289389.55 71.28
388183.48 289299.55 48.35
388183.48 289209.55 43.33
388183.48 289119.55 37.26
388183.48 289029.55 33.93
388183.48 288939.55 32.15
388183.48 288849.55 29.55
388183.48 288759.55 29.38
388183.48 288669.55 38.56
388183.48 288579.55 29.90
388183.48 288489.55 19.95
388183.48 288399.55 19.91
388183.48 288309.55 21.60
388273.48 291369.55 23.80
388273.48 291279.55 24.15
388273.48 291189.55 26.04
388273.48 291099.55 21.34
388273.48 291009.55 15.64
388273.48 290919.55 15.95
388273.48 290829.55 16.61
388273.48 290739.55 9.19
388273.48 290649.55 9.76
388273.48 290559.55 10.43
388273.48 290469.55 11.87
388273.48 290379.55 14.98
388273.48 290289.55 16.24
388273.48 290199.55 17.67
388273.48 290109.55 18.51
388273.48 290019.55 18.75
388273.48 289929.55 19.90
388273.48 289839.55 26.32
388273.48 289749.55 31.06
388273.48 289659.55 48.72
388273.48 289569.55 60.73
388273.48 289479.55 52.50
388273.48 289389.55 52.57
388273.48 289299.55 38.50
388273.48 289209.55 34.05
388273.48 289119.55 29.67
388273.48 289029.55 26.16
388273.48 288939.55 25.45
388273.48 288849.55 25.20
388273.48 288759.55 23.74
388273.48 288669.55 24.79
388273.48 288579.55 20.88
388273.48 288489.55 19.40
388273.48 288399.55 20.05
388273.48 288309.55 20.69
388363.48 291369.55 16.59
388363.48 291279.55 16.02
388363.48 291189.55 18.76
388363.48 291099.55 16.38
388363.48 291009.55 13.51
388363.48 290919.55 12.79
388363.48 290829.55 13.35
388363.48 290739.55 8.81
388363.48 290649.55 9.90
388363.48 290559.55 10.67
388363.48 290469.55 13.25
388363.48 290379.55 16.77
388363.48 290289.55 19.76
388363.48 290199.55 19.21
388363.48 290109.55 16.10
388363.48 290019.55 14.54
388363.48 289929.55 14.68
388363.48 289839.55 17.43
388363.48 289749.55 22.31
388363.48 289659.55 32.15
388363.48 289569.55 44.59
388363.48 289479.55 36.44
388363.48 289389.55 33.79
388363.48 289299.55 30.07
388363.48 289209.55 27.03
388363.48 289119.55 24.65
388363.48 289029.55 22.44
388363.48 288939.55 20.79
388363.48 288849.55 19.99
388363.48 288759.55 19.53
388363.48 288669.55 18.72
388363.48 288579.55 16.95
388363.48 288489.55 17.08
388363.48 288399.55 17.49
388363.48 288309.55 18.13
388453.48 291459.55 14.13
388453.48 291369.55 11.47
388453.48 291279.55 11.62
388453.48 291189.55 12.76
388453.48 291099.55 12.49
388453.48 291009.55 12.40
388453.48 290919.55 10.38
388453.48 290829.55 9.49
388453.48 290739.55 8.44
388453.48 290649.55 10.40
388453.48 290559.55 10.12
388453.48 290469.55 13.87
388453.48 290379.55 17.21
388453.48 290289.55 20.32
388453.48 290199.55 17.78
388453.48 290109.55 13.84
388453.48 290019.55 10.17
388453.48 289929.55 10.38
388453.48 289839.55 13.77
388453.48 289749.55 16.26
388453.48 289659.55 20.40
388453.48 289569.55 28.18
388453.48 289479.55 26.34
388453.48 289389.55 23.44
388453.48 289299.55 21.95
388453.48 289209.55 20.87
388453.48 289119.55 20.50
388453.48 289029.55 19.86
388453.48 288939.55 17.99
388453.48 288849.55 15.71
388453.48 288759.55 15.92
388453.48 288669.55 14.98
388453.48 288579.55 14.47
388453.48 288489.55 15.25
388453.48 288399.55 15.88
388543.48 291459.55 12.22
388543.48 291369.55 9.31
388543.48 291279.55 8.77
388543.48 291189.55 9.95
388543.48 291099.55 9.33
388543.48 291009.55 9.91
388543.48 290919.55 9.01
388543.48 290829.55 8.24
388543.48 290739.55 8.22
388543.48 290649.55 9.07
388543.48 290559.55 9.51
388543.48 290469.55 12.31
388543.48 290379.55 14.97
388543.48 290289.55 16.70
388543.48 290199.55 14.34
388543.48 290109.55 11.38
388543.48 290019.55 8.24
388543.48 289929.55 8.58
388543.48 289839.55 10.78
388543.48 289749.55 14.31
388543.48 289659.55 16.48
388543.48 289569.55 19.75
388543.48 289479.55 19.30
388543.48 289389.55 18.03
388543.48 289299.55 18.39
388543.48 289209.55 17.56
388543.48 289119.55 18.57
388543.48 289029.55 21.54
388543.48 288939.55 14.35
388543.48 288849.55 12.69
388543.48 288759.55 13.15
388543.48 288669.55 12.94
388543.48 288579.55 13.69
388543.48 288489.55 14.69
388543.48 288399.55 16.35
388633.48 291459.55 11.26
388633.48 291369.55 9.17
388633.48 291279.55 7.89
388633.48 291189.55 8.12
388633.48 291099.55 7.76
388633.48 291009.55 7.96
388633.48 290919.55 8.13
388633.48 290829.55 7.60
388633.48 290739.55 8.22
388633.48 290649.55 8.97
388633.48 290559.55 10.29
388633.48 290469.55 11.99
388633.48 290379.55 12.38
388633.48 290289.55 12.06
388633.48 290199.55 11.44
388633.48 290109.55 9.27
388633.48 290019.55 7.10
388633.48 289929.55 7.46
388633.48 289839.55 9.82
388633.48 289749.55 13.85
388633.48 289659.55 14.85
388633.48 289569.55 16.75
388633.48 289479.55 15.22
388633.48 289389.55 13.76
388633.48 289299.55 14.23
388633.48 289209.55 13.07
388633.48 289119.55 16.93
388633.48 289029.55 15.30
388633.48 288939.55 11.57
388633.48 288849.55 11.14
388633.48 288759.55 11.85
388633.48 288669.55 12.58
388633.48 288579.55 14.61
388633.48 288489.55 16.45
388633.48 288399.55 20.08
388723.48 291549.55 14.09
388723.48 291459.55 10.55
388723.48 291369.55 8.58
388723.48 291279.55 7.37
388723.48 291189.55 7.31
388723.48 291099.55 7.30
388723.48 291009.55 7.22
388723.48 290919.55 7.27
388723.48 290829.55 7.37
388723.48 290739.55 7.96
388723.48 290649.55 8.44
388723.48 290559.55 11.61
388723.48 290469.55 11.35
388723.48 290379.55 11.29
388723.48 290289.55 11.58
388723.48 290199.55 11.09
388723.48 290109.55 8.24
388723.48 290019.55 6.85
388723.48 289929.55 8.10
388723.48 289839.55 8.96
388723.48 289749.55 10.90
388723.48 289659.55 13.09
388723.48 289569.55 13.89
388723.48 289479.55 11.77
388723.48 289389.55 10.89
388723.48 289299.55 10.20
388723.48 289209.55 9.80
388723.48 289119.55 10.48
388723.48 289029.55 9.92
388723.48 288939.55 9.97
388723.48 288849.55 10.20
388723.48 288759.55 10.90
388723.48 288669.55 12.12
388723.48 288579.55 15.68
388723.48 288489.55 17.97
388723.48 288399.55 22.07
388723.48 288309.55 23.15
388813.48 291549.55 10.11
388813.48 291459.55 8.22
388813.48 291369.55 7.10
388813.48 291279.55 6.93
388813.48 291189.55 6.61
388813.48 291099.55 6.57
388813.48 291009.55 7.30
388813.48 290919.55 9.45
388813.48 290829.55 9.59
388813.48 290739.55 9.03
388813.48 290649.55 10.39
388813.48 290559.55 10.49
388813.48 290469.55 11.65
388813.48 290379.55 13.77
388813.48 290289.55 11.96
388813.48 290199.55 11.37
388813.48 290109.55 10.10
388813.48 290019.55 6.20
388813.48 289929.55 6.73
388813.48 289839.55 7.74
388813.48 289749.55 8.41
388813.48 289659.55 10.85
388813.48 289569.55 10.69
388813.48 289479.55 7.69
388813.48 289389.55 7.15
388813.48 289299.55 7.68
388813.48 289209.55 9.40
388813.48 289119.55 10.50
388813.48 289029.55 10.37
388813.48 288939.55 11.05
388813.48 288849.55 14.50
388813.48 288759.55 14.58
388813.48 288669.55 16.21
388813.48 288579.55 19.30
388813.48 288489.55 22.38
388813.48 288399.55 25.69
388813.48 288309.55 31.75
388813.48 288219.55 34.49
388813.48 288129.55 38.78
388813.48 288039.55 47.47
388903.48 291549.55 8.79
388903.48 291459.55 7.08
388903.48 291369.55 6.50
388903.48 291279.55 6.70
388903.48 291189.55 6.45
388903.48 291099.55 6.82
388903.48 291009.55 9.15
388903.48 290919.55 9.49
388903.48 290829.55 9.84
388903.48 290739.55 14.15
388903.48 290649.55 16.31
388903.48 290559.55 17.36
388903.48 290469.55 14.79
388903.48 290379.55 15.20
388903.48 290289.55 13.64
388903.48 290199.55 11.53
388903.48 290109.55 10.02
388903.48 290019.55 5.88
388903.48 289929.55 6.03
388903.48 289839.55 6.70
388903.48 289749.55 6.54
388903.48 289659.55 7.05
388903.48 289569.55 6.81
388903.48 289479.55 6.28
388903.48 289389.55 6.45
388903.48 289299.55 7.33
388903.48 289209.55 9.31
388903.48 289119.55 10.98
388903.48 289029.55 11.47
388903.48 288939.55 14.16
388903.48 288849.55 14.98
388903.48 288759.55 17.67
388903.48 288669.55 20.11
388903.48 288579.55 22.50
388903.48 288489.55 25.23
388903.48 288399.55 28.19
388903.48 288309.55 33.92
388903.48 288219.55 41.66
388903.48 288129.55 46.47
388903.48 288039.55 54.51
388903.48 287949.55 66.09
388903.48 287859.55 98.63
388903.48 287769.55 107.54
388993.48 291639.55 8.53
388993.48 291549.55 7.55
388993.48 291459.55 6.82
388993.48 291369.55 6.23
388993.48 291279.55 6.34
388993.48 291189.55 6.59
388993.48 291099.55 6.86
388993.48 291009.55 9.88
388993.48 290919.55 13.72
388993.48 290829.55 12.53
388993.48 290739.55 15.04
388993.48 290649.55 19.17
388993.48 290559.55 31.43
388993.48 290469.55 24.66
388993.48 290379.55 16.61
388993.48 290289.55 14.28
388993.48 290199.55 9.46
388993.48 290109.55 6.98
388993.48 290019.55 5.98
388993.48 289929.55 5.75
388993.48 289839.55 5.63
388993.48 289749.55 5.91
388993.48 289659.55 5.90
388993.48 289569.55 5.98
388993.48 289479.55 5.86
388993.48 289389.55 6.18
388993.48 289299.55 6.86
388993.48 289209.55 4.32
388993.48 289119.55 12.15
388993.48 289029.55 15.17
388993.48 288939.55 14.88
388993.48 288849.55 15.86
388993.48 288759.55 16.92
388993.48 288669.55 19.45
388993.48 288579.55 27.08
388993.48 288489.55 29.63
388993.48 288399.55 32.15
388993.48 288309.55 35.06
388993.48 288219.55 40.56
388993.48 288129.55 48.69
388993.48 288039.55 58.73
388993.48 287949.55 70.74
388993.48 287859.55 98.68
388993.48 287769.55 118.16
388993.48 287679.55 127.90
388993.48 287589.55 140.59
388993.48 287499.55 166.45
389083.48 291639.55 6.41
389083.48 291549.55 6.69
389083.48 291459.55 6.86
389083.48 291369.55 6.40
389083.48 291279.55 6.30
389083.48 291189.55 7.02
389083.48 291099.55 8.16
389083.48 291009.55 14.42
389083.48 290919.55 17.57
389083.48 290829.55 15.74
389083.48 290739.55 17.81
389083.48 290649.55 30.97
389083.48 290559.55 32.43
389083.48 290469.55 19.28
389083.48 290379.55 14.71
389083.48 290289.55 12.96
389083.48 290199.55 7.57
389083.48 290109.55 6.71
389083.48 290019.55 5.72
389083.48 289929.55 5.59
389083.48 289839.55 5.62
389083.48 289749.55 5.67
389083.48 289659.55 5.82
389083.48 289569.55 5.77
389083.48 289479.55 6.04
389083.48 289389.55 6.66
389083.48 289299.55 8.21
389083.48 289209.55 2.64
389083.48 289119.55 11.88
389083.48 289029.55 15.00
389083.48 288939.55 16.12
389083.48 288849.55 19.32
389083.48 288759.55 18.38
389083.48 288669.55 19.67
389083.48 288579.55 25.92
389083.48 288489.55 28.94
389083.48 288399.55 39.46
389083.48 288309.55 45.79
389083.48 288219.55 44.16
389083.48 288129.55 48.42
389083.48 288039.55 57.58
389083.48 287949.55 69.24
389083.48 287859.55 102.88
389083.48 287769.55 121.92
389083.48 287679.55 137.12
389083.48 287589.55 166.22
389083.48 287499.55 193.10
389083.48 287409.55 213.22
389083.48 287319.55 218.37
389083.48 287229.55 222.85
389173.48 291639.55 6.98
389173.48 291549.55 6.89
389173.48 291459.55 6.65
389173.48 291369.55 6.40
389173.48 291279.55 6.37
389173.48 291189.55 6.54
389173.48 291099.55 8.55
389173.48 291009.55 12.32
389173.48 290919.55 12.66
389173.48 290829.55 11.32
389173.48 290739.55 24.37
389173.48 290649.55 29.67
389173.48 290559.55 34.71
389173.48 290469.55 14.81
389173.48 290379.55 9.30
389173.48 290289.55 8.41
389173.48 290199.55 6.38
389173.48 290109.55 6.02
389173.48 290019.55 5.62
389173.48 289929.55 5.48
389173.48 289839.55 5.55
389173.48 289749.55 6.03
389173.48 289659.55 5.75
389173.48 289569.55 6.18
389173.48 289479.55 6.72
389173.48 289389.55 7.27
389173.48 289299.55 9.91
389173.48 289209.55 9.56
389173.48 289119.55 12.24
389173.48 289029.55 13.60
389173.48 288939.55 16.23
389173.48 288849.55 20.51
389173.48 288759.55 23.98
389173.48 288669.55 24.88
389173.48 288579.55 25.68
389173.48 288489.55 28.05
389173.48 288399.55 37.21
389173.48 288309.55 40.50
389173.48 288219.55 43.08
389173.48 288129.55 49.13
389173.48 288039.55 58.53
389173.48 287949.55 74.88
389173.48 287859.55 118.26
389173.48 287769.55 139.47
389173.48 287679.55 155.91
389173.48 287589.55 172.31
389173.48 287499.55 202.62
389173.48 287409.55 236.22
389173.48 287319.55 257.12
389173.48 287229.55 267.97
389173.48 287139.55 270.95
389173.48 287049.55 254.05
389173.48 286959.55 244.52
389263.48 291639.55 9.33
389263.48 291549.55 5.11
389263.48 291459.55 5.78
389263.48 291369.55 6.37
389263.48 291279.55 7.08
389263.48 291189.55 5.61
389263.48 291099.55 6.83
389263.48 291009.55 8.71
389263.48 290919.55 7.26
389263.48 290829.55 7.44
389263.48 290739.55 17.64
389263.48 290649.55 15.30
389263.48 290559.55 17.82
389263.48 290469.55 8.99
389263.48 290379.55 6.14
389263.48 290289.55 5.98
389263.48 290199.55 5.16
389263.48 290109.55 5.33
389263.48 290019.55 5.57
389263.48 289929.55 5.62
389263.48 289839.55 5.64
389263.48 289749.55 5.85
389263.48 289659.55 6.10
389263.48 289569.55 7.39
389263.48 289479.55 7.90
389263.48 289389.55 8.36
389263.48 289299.55 11.37
389263.48 289209.55 12.31
389263.48 289119.55 13.30
389263.48 289029.55 15.10
389263.48 288939.55 16.18
389263.48 288849.55 20.02
389263.48 288759.55 25.16
389263.48 288669.55 27.59
389263.48 288579.55 26.40
389263.48 288489.55 27.98
389263.48 288399.55 32.42
389263.48 288309.55 35.51
389263.48 288219.55 42.05
389263.48 288129.55 53.16
389263.48 288039.55 66.39
389263.48 287949.55 88.17
389263.48 287859.55 130.62
389263.48 287769.55 156.70
389263.48 287679.55 179.26
389263.48 287589.55 183.95
389263.48 287499.55 215.20
389263.48 287409.55 257.65
389263.48 287319.55 291.60
389263.48 287229.55 312.87
389263.48 287139.55 301.82
389263.48 287049.55 281.75
389263.48 286959.55 272.92
389263.48 286869.55 255.24
389263.48 286779.55 239.20
389263.48 286689.55 224.80
389353.48 291639.55 6.95
389353.48 291549.55 5.71
389353.48 291459.55 5.89
389353.48 291369.55 4.18
389353.48 291279.55 3.08
389353.48 291189.55 4.23
389353.48 291099.55 5.47
389353.48 291009.55 6.35
389353.48 290919.55 6.01
389353.48 290829.55 6.14
389353.48 290739.55 10.19
389353.48 290649.55 7.99
389353.48 290559.55 7.41
389353.48 290469.55 6.30
389353.48 290379.55 5.76
389353.48 290289.55 5.20
389353.48 290199.55 5.16
389353.48 290109.55 5.15
389353.48 290019.55 5.39
389353.48 289929.55 5.54
389353.48 289839.55 5.54
389353.48 289749.55 6.07
389353.48 289659.55 6.89
389353.48 289569.55 8.08
389353.48 289479.55 8.78
389353.48 289389.55 10.11
389353.48 289299.55 12.03
389353.48 289209.55 13.81
389353.48 289119.55 14.68
389353.48 289029.55 15.71
389353.48 288939.55 16.71
389353.48 288849.55 20.02
389353.48 288759.55 23.51
389353.48 288669.55 30.75
389353.48 288579.55 29.00
389353.48 288489.55 29.29
389353.48 288399.55 32.68
389353.48 288309.55 38.38
389353.48 288219.55 47.48
389353.48 288129.55 58.63
389353.48 288039.55 72.25
389353.48 287949.55 95.96
389353.48 287859.55 143.53
389353.48 287769.55 163.43
389353.48 287679.55 187.79
389353.48 287589.55 202.71
389353.48 287499.55 229.36
389353.48 287409.55 272.19
389353.48 287319.55 299.35
389353.48 287229.55 320.22
389353.48 287139.55 330.90
389353.48 287049.55 311.43
389353.48 286959.55 299.42
389353.48 286869.55 284.06
389353.48 286779.55 264.42
389353.48 286689.55 249.49
389353.48 286599.55 239.57
389353.48 286509.55 234.06
389353.48 286419.55 231.38
389443.48 291639.55 6.58
389443.48 291549.55 5.14
389443.48 291459.55 5.93
389443.48 291369.55 5.53
389443.48 291279.55 5.24
389443.48 291189.55 2.48
389443.48 291099.55 6.48
389443.48 291009.55 6.47
389443.48 290919.55 6.54
389443.48 290829.55 6.13
389443.48 290739.55 6.63
389443.48 290649.55 8.92
389443.48 290559.55 5.97
389443.48 290469.55 5.41
389443.48 290379.55 5.24
389443.48 290289.55 5.03
389443.48 290199.55 5.26
389443.48 290109.55 5.05
389443.48 290019.55 5.37
389443.48 289929.55 5.45
389443.48 289839.55 6.05
389443.48 289749.55 6.58
389443.48 289659.55 7.52
389443.48 289569.55 8.67
389443.48 289479.55 9.83
389443.48 289389.55 10.98
389443.48 289299.55 13.39
389443.48 289209.55 14.47
389443.48 289119.55 16.23
389443.48 289029.55 18.08
389443.48 288939.55 20.27
389443.48 288849.55 22.09
389443.48 288759.55 25.32
389443.48 288669.55 32.48
389443.48 288579.55 32.67
389443.48 288489.55 34.14
389443.48 288399.55 35.18
389443.48 288309.55 39.86
389443.48 288219.55 47.37
389443.48 288129.55 59.32
389443.48 288039.55 76.29
389443.48 287949.55 99.20
389443.48 287859.55 148.61
389443.48 287769.55 166.28
389443.48 287679.55 179.93
389443.48 287589.55 206.46
389443.48 287499.55 220.82
389443.48 287409.55 249.46
389443.48 287319.55 267.05
389443.48 287229.55 281.40
389443.48 287139.55 307.14
389443.48 287049.55 308.74
389443.48 286959.55 314.46
389443.48 286869.55 305.05
389443.48 286779.55 288.51
389443.48 286689.55 272.27
389443.48 286599.55 272.73
389443.48 286509.55 268.59
389443.48 286419.55 262.96
389443.48 286329.55 295.75
389533.48 291549.55 5.60
389533.48 291459.55 5.50
389533.48 291369.55 5.26
389533.48 291279.55 5.14
389533.48 291189.55 4.26
389533.48 291099.55 5.17
389533.48 291009.55 2.63
389533.48 290919.55 5.90
389533.48 290829.55 7.60
389533.48 290739.55 6.80
389533.48 290649.55 6.27
389533.48 290559.55 5.92
389533.48 290469.55 5.87
389533.48 290379.55 4.84
389533.48 290289.55 5.16
389533.48 290199.55 4.93
389533.48 290109.55 5.12
389533.48 290019.55 5.84
389533.48 289929.55 6.09
389533.48 289839.55 7.29
389533.48 289749.55 7.92
389533.48 289659.55 8.15
389533.48 289569.55 9.81
389533.48 289479.55 11.55
389533.48 289389.55 13.20
389533.48 289299.55 16.46
389533.48 289209.55 17.87
389533.48 289119.55 19.21
389533.48 289029.55 21.00
389533.48 288939.55 23.93
389533.48 288849.55 25.87
389533.48 288759.55 29.11
389533.48 288669.55 34.58
389533.48 288579.55 40.65
389533.48 288489.55 44.00
389533.48 288399.55 45.67
389533.48 288309.55 47.77
389533.48 288219.55 55.60
389533.48 288129.55 67.09
389533.48 288039.55 79.09
389533.48 287949.55 107.50
389533.48 287859.55 151.87
389533.48 287769.55 167.69
389533.48 287679.55 176.36
389533.48 287589.55 174.12
389533.48 287499.55 187.07
389533.48 287409.55 198.64
389533.48 287319.55 216.86
389533.48 287229.55 225.64
389533.48 287139.55 260.03
389533.48 287049.55 286.06
389533.48 286959.55 311.27
389533.48 286869.55 336.33
389533.48 286779.55 350.47
389533.48 286689.55 334.36
389533.48 286599.55 347.88
389533.48 286509.55 359.87
389533.48 286419.55 333.69
389533.48 286329.55 341.07
389623.48 291549.55 5.74
389623.48 291459.55 5.04
389623.48 291369.55 4.93
389623.48 291279.55 4.87
389623.48 291189.55 4.58
389623.48 291099.55 5.19
389623.48 291009.55 5.30
389623.48 290919.55 5.96
389623.48 290829.55 3.53
389623.48 290739.55 5.17
389623.48 290649.55 5.43
389623.48 290559.55 5.82
389623.48 290469.55 5.74
389623.48 290379.55 4.77
389623.48 290289.55 4.88
389623.48 290199.55 4.60
389623.48 290109.55 5.28
389623.48 290019.55 6.27
389623.48 289929.55 7.91
389623.48 289839.55 8.30
389623.48 289749.55 9.38
389623.48 289659.55 11.11
389623.48 289569.55 11.92
389623.48 289479.55 13.39
389623.48 289389.55 14.46
389623.48 289299.55 17.38
389623.48 289209.55 19.79
389623.48 289119.55 21.32
389623.48 289029.55 22.75
389623.48 288939.55 24.92
389623.48 288849.55 27.49
389623.48 288759.55 30.37
389623.48 288669.55 34.23
389623.48 288579.55 42.71
389623.48 288489.55 48.05
389623.48 288399.55 52.23
389623.48 288309.55 53.90
389623.48 288219.55 66.52
389623.48 288129.55 79.52
389623.48 288039.55 93.92
389623.48 287949.55 117.97
389623.48 287859.55 145.04
389623.48 287769.55 147.53
389623.48 287679.55 151.25
389623.48 287589.55 154.46
389623.48 287499.55 167.36
389623.48 287409.55 178.87
389623.48 287319.55 187.34
389623.48 287229.55 206.84
389623.48 287139.55 249.99
389623.48 287049.55 277.21
389623.48 286959.55 313.50
389623.48 286869.55 342.19
389623.48 286779.55 363.86
389623.48 286689.55 374.16
389623.48 286599.55 392.48
389623.48 286509.55 415.47
389623.48 286419.55 378.58
389623.48 286329.55 362.51
389623.48 286239.55 323.32
389713.48 291459.55 5.01
389713.48 291369.55 5.11
389713.48 291279.55 4.70
389713.48 291189.55 4.78
389713.48 291099.55 4.73
389713.48 291009.55 5.65
389713.48 290919.55 6.23
389713.48 290829.55 2.98
389713.48 290739.55 5.13
389713.48 290649.55 5.43
389713.48 290559.55 5.56
389713.48 290469.55 5.06
389713.48 290379.55 4.71
389713.48 290289.55 4.85
389713.48 290199.55 4.85
389713.48 290109.55 5.29
389713.48 290019.55 6.12
389713.48 289929.55 7.43
389713.48 289839.55 9.54
389713.48 289749.55 12.80
389713.48 289659.55 18.97
389713.48 289569.55 19.08
389713.48 289479.55 18.76
389713.48 289389.55 18.77
389713.48 289299.55 18.80
389713.48 289209.55 20.76
389713.48 289119.55 22.34
389713.48 289029.55 24.22
389713.48 288939.55 26.31
389713.48 288849.55 30.26
389713.48 288759.55 31.44
389713.48 288669.55 35.12
389713.48 288579.55 43.26
389713.48 288489.55 48.36
389713.48 288399.55 55.19
389713.48 288309.55 62.11
389713.48 288219.55 85.01
389713.48 288129.55 98.66
389713.48 288039.55 91.86
389713.48 287949.55 102.05
389713.48 287859.55 133.94
389713.48 287769.55 135.93
389713.48 287679.55 140.65
389713.48 287589.55 149.83
389713.48 287499.55 159.40
389713.48 287409.55 175.17
389713.48 287319.55 194.33
389713.48 287229.55 216.10
389713.48 287139.55 267.76
389713.48 287049.55 291.25
389713.48 286959.55 320.50
389713.48 286869.55 342.83
389713.48 286779.55 367.30
389713.48 286689.55 396.07
389713.48 286599.55 407.68
389713.48 286509.55 399.38
389713.48 286419.55 374.67
389713.48 286329.55 354.59
389713.48 286239.55 306.94
389803.48 291459.55 5.44
389803.48 291369.55 5.03
389803.48 291279.55 4.65
389803.48 291189.55 4.65
389803.48 291099.55 4.77
389803.48 291009.55 5.51
389803.48 290919.55 5.42
389803.48 290829.55 5.66
389803.48 290739.55 5.82
389803.48 290649.55 5.94
389803.48 290559.55 5.64
389803.48 290469.55 5.42
389803.48 290379.55 4.55
389803.48 290289.55 4.97
389803.48 290199.55 5.17
389803.48 290109.55 5.25
389803.48 290019.55 5.55
389803.48 289929.55 6.41
389803.48 289839.55 7.23
389803.48 289749.55 9.25
389803.48 289659.55 13.98
389803.48 289569.55 14.10
389803.48 289479.55 16.94
389803.48 289389.55 18.78
389803.48 289299.55 20.04
389803.48 289209.55 21.23
389803.48 289119.55 22.80
389803.48 289029.55 25.10
389803.48 288939.55 27.19
389803.48 288849.55 31.42
389803.48 288759.55 31.97
389803.48 288669.55 36.14
389803.48 288579.55 43.58
389803.48 288489.55 49.22
389803.48 288399.55 54.66
389803.48 288309.55 58.87
389803.48 288219.55 72.84
389803.48 288129.55 83.42
389803.48 288039.55 99.70
389803.48 287949.55 130.31
389803.48 287859.55 173.99
389803.48 287769.55 174.03
389803.48 287679.55 181.66
389803.48 287589.55 185.54
389803.48 287499.55 172.47
389803.48 287409.55 185.54
389803.48 287319.55 208.36
389803.48 287229.55 237.08
389803.48 287139.55 282.54
389803.48 287049.55 309.69
389803.48 286959.55 331.53
389803.48 286869.55 349.37
389803.48 286779.55 371.28
389803.48 286689.55 407.12
389803.48 286599.55 385.96
389803.48 286509.55 355.63
389803.48 286419.55 336.85
389803.48 286329.55 312.50
389803.48 286239.55 276.01
389893.48 291369.55 4.82
389893.48 291279.55 4.66
389893.48 291189.55 4.71
389893.48 291099.55 4.73
389893.48 291009.55 5.12
389893.48 290919.55 5.02
389893.48 290829.55 4.87
389893.48 290739.55 1.98
389893.48 290649.55 4.86
389893.48 290559.55 5.28
389893.48 290469.55 5.17
389893.48 290379.55 4.48
389893.48 290289.55 4.89
389893.48 290199.55 4.70
389893.48 290109.55 5.11
389893.48 290019.55 5.79
389893.48 289929.55 6.20
389893.48 289839.55 6.86
389893.48 289749.55 7.85
389893.48 289659.55 9.76
389893.48 289569.55 10.69
389893.48 289479.55 12.25
389893.48 289389.55 13.63
389893.48 289299.55 21.41
389893.48 289209.55 19.57
389893.48 289119.55 22.71
389893.48 289029.55 24.78
389893.48 288939.55 27.54
389893.48 288849.55 29.83
389893.48 288759.55 32.59
389893.48 288669.55 36.23
389893.48 288579.55 42.75
389893.48 288489.55 47.08
389893.48 288399.55 54.33
389893.48 288309.55 72.75
389893.48 288219.55 96.06
389893.48 288129.55 116.10
389893.48 288039.55 133.83
389893.48 287949.55 151.55
389893.48 287859.55 159.86
389893.48 287769.55 174.73
389893.48 287679.55 195.38
389893.48 287589.55 207.86
389893.48 287499.55 197.97
389893.48 287409.55 206.12
389893.48 287319.55 210.48
389893.48 287229.55 231.05
389893.48 287139.55 283.23
389893.48 287049.55 307.42
389893.48 286959.55 327.66
389893.48 286869.55 334.03
389893.48 286779.55 365.22
389893.48 286689.55 400.80
389893.48 286599.55 355.85
389893.48 286509.55 321.86
389893.48 286419.55 288.80
389893.48 286329.55 269.12
389893.48 286239.55 243.70
389983.48 291369.55 4.95
389983.48 291279.55 4.42
389983.48 291189.55 5.16
389983.48 291099.55 4.88
389983.48 291009.55 4.91
389983.48 290919.55 4.87
389983.48 290829.55 4.92
389983.48 290739.55 3.39
389983.48 290649.55 4.64
389983.48 290559.55 5.10
389983.48 290469.55 4.93
389983.48 290379.55 4.34
389983.48 290289.55 4.96
389983.48 290199.55 4.67
389983.48 290109.55 4.76
389983.48 290019.55 5.52
389983.48 289929.55 5.95
389983.48 289839.55 6.58
389983.48 289749.55 7.52
389983.48 289659.55 9.30
389983.48 289569.55 10.44
389983.48 289479.55 11.70
389983.48 289389.55 12.58
389983.48 289299.55 16.32
389983.48 289209.55 17.86
389983.48 289119.55 20.49
389983.48 289029.55 23.00
389983.48 288939.55 25.77
389983.48 288849.55 28.62
389983.48 288759.55 31.65
389983.48 288669.55 35.26
389983.48 288579.55 43.21
389983.48 288489.55 47.01
389983.48 288399.55 56.08
389983.48 288309.55 77.11
389983.48 288219.55 103.77
389983.48 288129.55 115.94
389983.48 288039.55 116.42
389983.48 287949.55 113.32
389983.48 287859.55 124.42
389983.48 287769.55 141.94
389983.48 287679.55 171.08
389983.48 287589.55 186.33
389983.48 287499.55 170.18
389983.48 287409.55 183.65
389983.48 287319.55 207.73
389983.48 287229.55 232.64
389983.48 287139.55 273.02
389983.48 287049.55 294.23
389983.48 286959.55 300.71
389983.48 286869.55 320.58
389983.48 286779.55 360.08
389983.48 286689.55 384.93
389983.48 286599.55 337.00
389983.48 286509.55 289.99
389983.48 286419.55 246.26
389983.48 286329.55 232.04
389983.48 286239.55 216.05
390073.48 291279.55 6.71
390073.48 291189.55 5.94
390073.48 291099.55 4.87
390073.48 291009.55 4.57
390073.48 290919.55 4.80
390073.48 290829.55 4.99
390073.48 290739.55 5.40
390073.48 290649.55 2.00
390073.48 290559.55 4.72
390073.48 290469.55 4.58
390073.48 290379.55 4.13
390073.48 290289.55 4.82
390073.48 290199.55 4.53
390073.48 290109.55 5.11
390073.48 290019.55 5.76
390073.48 289929.55 6.18
390073.48 289839.55 6.62
390073.48 289749.55 7.86
390073.48 289659.55 9.46
390073.48 289569.55 11.08
390073.48 289479.55 12.41
390073.48 289389.55 13.44
390073.48 289299.55 15.77
390073.48 289209.55 17.62
390073.48 289119.55 19.34
390073.48 289029.55 21.89
390073.48 288939.55 24.65
390073.48 288849.55 27.46
390073.48 288759.55 30.26
390073.48 288669.55 34.54
390073.48 288579.55 43.75
390073.48 288489.55 47.01
390073.48 288399.55 53.33
390073.48 288309.55 59.94
390073.48 288219.55 71.89
390073.48 288129.55 76.77
390073.48 288039.55 75.26
390073.48 287949.55 77.21
390073.48 287859.55 91.76
390073.48 287769.55 116.49
390073.48 287679.55 135.76
390073.48 287589.55 142.62
390073.48 287499.55 152.16
390073.48 287409.55 193.79
390073.48 287319.55 223.64
390073.48 287229.55 243.01
390073.48 287139.55 252.73
390073.48 287049.55 263.67
390073.48 286959.55 295.74
390073.48 286869.55 330.07
390073.48 286779.55 365.13
390073.48 286689.55 359.84
390073.48 286599.55 325.02
390073.48 286509.55 273.09
390073.48 286419.55 211.98
390073.48 286329.55 205.60
390073.48 286239.55 197.46
390163.48 291279.55 7.21
390163.48 291189.55 9.79
390163.48 291099.55 6.95
390163.48 291009.55 4.69
390163.48 290919.55 5.23
390163.48 290829.55 5.15
390163.48 290739.55 5.10
390163.48 290649.55 1.69
390163.48 290559.55 4.54
390163.48 290469.55 4.44
390163.48 290379.55 4.02
390163.48 290289.55 4.67
390163.48 290199.55 5.04
390163.48 290109.55 6.97
390163.48 290019.55 7.39
390163.48 289929.55 7.97
390163.48 289839.55 8.09
390163.48 289749.55 10.57
390163.48 289659.55 14.92
390163.48 289569.55 19.29
390163.48 289479.55 18.64
390163.48 289389.55 21.14
390163.48 289299.55 24.65
390163.48 289209.55 19.30
390163.48 289119.55 19.61
390163.48 289029.55 21.40
390163.48 288939.55 23.93
390163.48 288849.55 26.31
390163.48 288759.55 28.75
390163.48 288669.55 32.65
390163.48 288579.55 39.10
390163.48 288489.55 45.36
390163.48 288399.55 48.96
390163.48 288309.55 52.55
390163.48 288219.55 56.03
390163.48 288129.55 64.75
390163.48 288039.55 69.96
390163.48 287949.55 78.60
390163.48 287859.55 84.99
390163.48 287769.55 95.96
390163.48 287679.55 102.74
390163.48 287589.55 116.03
390163.48 287499.55 145.73
390163.48 287409.55 187.54
390163.48 287319.55 223.00
390163.48 287229.55 220.48
390163.48 287139.55 241.64
390163.48 287049.55 274.21
390163.48 286959.55 311.29
390163.48 286869.55 353.57
390163.48 286779.55 335.72
390163.48 286689.55 309.74
390163.48 286599.55 286.63
390163.48 286509.55 252.72
390163.48 286419.55 193.72
390163.48 286329.55 179.95
390163.48 286239.55 172.55
390253.48 291189.55 8.28
390253.48 291099.55 6.65
390253.48 291009.55 5.73
390253.48 290919.55 5.50
390253.48 290829.55 5.19
390253.48 290739.55 4.64
390253.48 290649.55 4.34
390253.48 290559.55 4.46
390253.48 290469.55 4.24
390253.48 290379.55 4.84
390253.48 290289.55 5.81
390253.48 290199.55 12.41
390253.48 290109.55 15.22
390253.48 290019.55 18.41
390253.48 289929.55 14.58
390253.48 289839.55 13.03
390253.48 289749.55 14.75
390253.48 289659.55 19.96
390253.48 289569.55 24.12
390253.48 289479.55 24.41
390253.48 289389.55 32.81
390253.48 289299.55 58.67
390253.48 289209.55 55.18
390253.48 289119.55 53.18
390253.48 289029.55 39.05
390253.48 288939.55 40.52
390253.48 288849.55 27.11
390253.48 288759.55 28.43
390253.48 288669.55 30.89
390253.48 288579.55 45.13
390253.48 288489.55 48.45
390253.48 288399.55 51.00
390253.48 288309.55 61.05
390253.48 288219.55 78.36
390253.48 288129.55 100.55
390253.48 288039.55 117.74
390253.48 287949.55 142.48
390253.48 287859.55 131.67
390253.48 287769.55 126.53
390253.48 287679.55 135.24
390253.48 287589.55 156.28
390253.48 287499.55 142.99
390253.48 287409.55 165.07
390253.48 287319.55 176.86
390253.48 287229.55 200.66
390253.48 287139.55 272.08
390253.48 287049.55 306.82
390253.48 286959.55 324.00
390253.48 286869.55 300.75
390253.48 286779.55 266.77
390253.48 286689.55 235.64
390253.48 286599.55 210.42
390253.48 286509.55 186.99
390253.48 286419.55 158.61
390253.48 286329.55 147.43
390343.48 291189.55 8.19
390343.48 291099.55 6.89
390343.48 291009.55 6.17
390343.48 290919.55 5.84
390343.48 290829.55 5.25
390343.48 290739.55 4.68
390343.48 290649.55 5.56
390343.48 290559.55 5.51
390343.48 290469.55 6.35
390343.48 290379.55 6.65
390343.48 290289.55 9.36
390343.48 290199.55 11.58
390343.48 290109.55 13.15
390343.48 290019.55 25.67
390343.48 289929.55 23.99
390343.48 289839.55 20.44
390343.48 289749.55 26.73
390343.48 289659.55 24.59
390343.48 289569.55 29.26
390343.48 289479.55 39.28
390343.48 289389.55 48.78
390343.48 289299.55 90.88
390343.48 289209.55 93.37
390343.48 289119.55 85.37
390343.48 289029.55 69.12
390343.48 288939.55 52.49
390343.48 288849.55 46.64
390343.48 288759.55 34.29
390343.48 288669.55 32.38
390343.48 288579.55 37.80
390343.48 288489.55 42.56
390343.48 288399.55 50.81
390343.48 288309.55 66.93
390343.48 288219.55 100.27
390343.48 288129.55 129.44
390343.48 288039.55 147.81
390343.48 287949.55 176.71
390343.48 287859.55 169.13
390343.48 287769.55 159.00
390343.48 287679.55 172.96
390343.48 287589.55 181.30
390343.48 287499.55 162.89
390343.48 287409.55 188.27
390343.48 287319.55 204.45
390343.48 287229.55 218.20
390343.48 287139.55 259.89
390343.48 287049.55 286.03
390343.48 286959.55 325.44
390343.48 286869.55 298.16
390343.48 286779.55 267.29
390343.48 286689.55 243.46
390343.48 286599.55 232.91
390343.48 286509.55 200.84
390343.48 286419.55 141.52
390343.48 286329.55 133.17
390433.48 291099.55 8.61
390433.48 291009.55 6.73
390433.48 290919.55 6.22
390433.48 290829.55 5.41
390433.48 290739.55 4.96
390433.48 290649.55 6.60
390433.48 290559.55 2.70
390433.48 290469.55 6.34
390433.48 290379.55 6.24
390433.48 290289.55 6.74
390433.48 290199.55 7.86
390433.48 290109.55 10.98
390433.48 290019.55 23.98
390433.48 289929.55 42.61
390433.48 289839.55 41.51
390433.48 289749.55 46.41
390433.48 289659.55 44.05
390433.48 289569.55 47.07
390433.48 289479.55 58.86
390433.48 289389.55 55.30
390433.48 289299.55 114.96
390433.48 289209.55 123.80
390433.48 289119.55 122.64
390433.48 289029.55 94.38
390433.48 288939.55 74.82
390433.48 288849.55 56.75
390433.48 288759.55 52.70
390433.48 288669.55 42.19
390433.48 288579.55 36.04
390433.48 288489.55 40.23
390433.48 288399.55 53.43
390433.48 288309.55 75.07
390433.48 288219.55 113.58
390433.48 288129.55 118.10
390433.48 288039.55 139.42
390433.48 287949.55 170.87
390433.48 287859.55 179.47
390433.48 287769.55 200.27
390433.48 287679.55 208.67
390433.48 287589.55 213.28
390433.48 287499.55 192.10
390433.48 287409.55 219.90
390433.48 287319.55 243.63
390433.48 287229.55 251.26
390433.48 287139.55 262.00
390433.48 287049.55 279.49
390433.48 286959.55 322.50
390433.48 286869.55 322.19
390433.48 286779.55 301.76
390433.48 286689.55 279.36
390433.48 286599.55 260.76
390433.48 286509.55 223.06
390433.48 286419.55 149.13
390433.48 286329.55 150.80
390523.48 291099.55 9.03
390523.48 291009.55 7.91
390523.48 290919.55 5.92
390523.48 290829.55 5.35
390523.48 290739.55 4.41
390523.48 290649.55 5.78
390523.48 290559.55 1.17
390523.48 290469.55 4.86
390523.48 290379.55 5.36
390523.48 290289.55 5.61
390523.48 290199.55 6.73
390523.48 290109.55 10.54
390523.48 290019.55 21.99
390523.48 289929.55 37.87
390523.48 289839.55 34.50
390523.48 289749.55 37.65
390523.48 289659.55 45.15
390523.48 289569.55 66.00
390523.48 289479.55 87.70
390523.48 289389.55 64.97
390523.48 289299.55 94.33
390523.48 289209.55 117.56
390523.48 289119.55 142.00
390523.48 289029.55 124.39
390523.48 288939.55 94.18
390523.48 288849.55 70.50
390523.48 288759.55 58.89
390523.48 288669.55 52.45
390523.48 288579.55 39.93
390523.48 288489.55 41.08
390523.48 288399.55 49.59
390523.48 288309.55 66.71
390523.48 288219.55 79.86
390523.48 288129.55 83.71
390523.48 288039.55 110.40
390523.48 287949.55 135.12
390523.48 287859.55 199.45
390523.48 287769.55 228.19
390523.48 287679.55 251.30
390523.48 287589.55 258.49
390523.48 287499.55 236.77
390523.48 287409.55 234.41
390523.48 287319.55 271.56
390523.48 287229.55 291.62
390523.48 287139.55 299.18
390523.48 287049.55 298.93
390523.48 286959.55 325.72
390523.48 286869.55 329.35
390523.48 286779.55 287.84
390523.48 286689.55 254.13
390523.48 286599.55 226.19
390523.48 286509.55 216.68
390523.48 286419.55 181.91
390613.48 291009.55 17.61
390613.48 290919.55 7.02
390613.48 290829.55 4.73
390613.48 290739.55 5.65
390613.48 290649.55 6.41
390613.48 290559.55 0.84
390613.48 290469.55 4.63
390613.48 290379.55 4.88
390613.48 290289.55 4.90
390613.48 290199.55 6.23
390613.48 290109.55 8.73
390613.48 290019.55 14.69
390613.48 289929.55 18.85
390613.48 289839.55 21.69
390613.48 289749.55 26.97
390613.48 289659.55 34.11
390613.48 289569.55 54.28
390613.48 289479.55 79.20
390613.48 289389.55 79.13
390613.48 289299.55 96.18
390613.48 289209.55 118.34
390613.48 289119.55 147.52
390613.48 289029.55 151.46
390613.48 288939.55 117.97
390613.48 288849.55 87.47
390613.48 288759.55 74.04
390613.48 288669.55 66.39
390613.48 288579.55 45.41
390613.48 288489.55 43.49
390613.48 288399.55 48.88
390613.48 288309.55 57.92
390613.48 288219.55 66.93
390613.48 288129.55 77.03
390613.48 288039.55 101.96
390613.48 287949.55 138.67
390613.48 287859.55 212.16
390613.48 287769.55 231.08
390613.48 287679.55 249.01
390613.48 287589.55 273.42
390613.48 287499.55 285.03
390613.48 287409.55 285.00
390613.48 287319.55 278.84
390613.48 287229.55 304.53
390613.48 287139.55 335.21
390613.48 287049.55 326.67
390613.48 286959.55 332.71
390613.48 286869.55 329.47
390613.48 286779.55 288.79
390613.48 286689.55 255.35
390613.48 286599.55 221.65
390613.48 286509.55 186.28
390613.48 286419.55 150.18
390703.48 291009.55 21.90
390703.48 290919.55 10.43
390703.48 290829.55 5.80
390703.48 290739.55 5.98
390703.48 290649.55 6.41
390703.48 290559.55 1.60
390703.48 290469.55 4.32
390703.48 290379.55 4.14
390703.48 290289.55 4.24
390703.48 290199.55 5.19
390703.48 290109.55 6.99
390703.48 290019.55 12.87
390703.48 289929.55 17.07
390703.48 289839.55 22.85
390703.48 289749.55 28.64
390703.48 289659.55 35.33
390703.48 289569.55 44.26
390703.48 289479.55 56.17
390703.48 289389.55 79.51
390703.48 289299.55 118.36
390703.48 289209.55 131.80
390703.48 289119.55 150.36
390703.48 289029.55 158.35
390703.48 288939.55 127.84
390703.48 288849.55 99.49
390703.48 288759.55 99.77
390703.48 288669.55 71.10
390703.48 288579.55 49.49
390703.48 288489.55 46.28
390703.48 288399.55 50.86
390703.48 288309.55 59.67
390703.48 288219.55 69.67
390703.48 288129.55 83.89
390703.48 288039.55 100.19
390703.48 287949.55 131.31
390703.48 287859.55 194.03
390703.48 287769.55 202.23
390703.48 287679.55 215.06
390703.48 287589.55 235.70
390703.48 287499.55 270.26
390703.48 287409.55 306.01
390703.48 287319.55 315.62
390703.48 287229.55 341.78
390703.48 287139.55 358.92
390703.48 287049.55 352.36
390703.48 286959.55 350.31
390703.48 286869.55 335.49
390703.48 286779.55 292.70
390703.48 286689.55 254.68
390703.48 286599.55 229.30
390703.48 286509.55 217.71
390703.48 286419.55 168.21
390793.48 290919.55 8.96
390793.48 290829.55 7.13
390793.48 290739.55 5.28
390793.48 290649.55 5.21
390793.48 290559.55 3.64
390793.48 290469.55 4.51
390793.48 290379.55 3.66
390793.48 290289.55 4.13
390793.48 290199.55 5.14
390793.48 290109.55 7.94
390793.48 290019.55 14.05
390793.48 289929.55 18.68
390793.48 289839.55 22.17
390793.48 289749.55 30.51
390793.48 289659.55 35.14
390793.48 289569.55 47.02
390793.48 289479.55 57.39
390793.48 289389.55 82.96
390793.48 289299.55 137.48
390793.48 289209.55 167.69
390793.48 289119.55 184.59
390793.48 289029.55 161.32
390793.48 288939.55 132.67
390793.48 288849.55 108.98
390793.48 288759.55 91.88
390793.48 288669.55 73.81
390793.48 288579.55 55.48
390793.48 288489.55 50.07
390793.48 288399.55 53.98
390793.48 288309.55 61.91
390793.48 288219.55 69.22
390793.48 288129.55 84.83
390793.48 288039.55 106.04
390793.48 287949.55 125.14
390793.48 287859.55 163.43
390793.48 287769.55 166.46
390793.48 287679.55 190.74
390793.48 287589.55 225.62
390793.48 287499.55 268.01
390793.48 287409.55 281.75
390793.48 287319.55 309.27
390793.48 287229.55 331.99
390793.48 287139.55 389.19
390793.48 287049.55 379.85
390793.48 286959.55 357.69
390793.48 286869.55 320.43
390793.48 286779.55 288.31
390793.48 286689.55 283.56
390793.48 286599.55 275.41
390793.48 286509.55 251.32
390883.48 290919.55 7.11
390883.48 290829.55 7.12
390883.48 290739.55 5.23
390883.48 290649.55 5.62
390883.48 290559.55 5.22
390883.48 290469.55 2.27
390883.48 290379.55 3.63
390883.48 290289.55 3.51
390883.48 290199.55 4.88
390883.48 290109.55 9.24
390883.48 290019.55 13.79
390883.48 289929.55 16.79
390883.48 289839.55 19.91
390883.48 289749.55 26.36
390883.48 289659.55 37.79
390883.48 289569.55 45.24
390883.48 289479.55 61.50
390883.48 289389.55 85.27
390883.48 289299.55 157.31
390883.48 289209.55 207.58
390883.48 289119.55 228.73
390883.48 289029.55 197.79
390883.48 288939.55 156.27
390883.48 288849.55 116.16
390883.48 288759.55 106.46
390883.48 288669.55 104.85
390883.48 288579.55 67.26
390883.48 288489.55 55.62
390883.48 288399.55 55.73
390883.48 288309.55 61.18
390883.48 288219.55 67.25
390883.48 288129.55 76.64
390883.48 288039.55 87.95
390883.48 287949.55 102.91
390883.48 287859.55 127.72
390883.48 287769.55 151.53
390883.48 287679.55 171.77
390883.48 287589.55 204.25
390883.48 287499.55 228.54
390883.48 287409.55 259.41
390883.48 287319.55 301.30
390883.48 287229.55 332.98
390883.48 287139.55 396.25
390883.48 287049.55 400.09
390883.48 286959.55 377.38
390883.48 286869.55 342.77
390883.48 286779.55 323.81
390883.48 286689.55 311.60
390883.48 286599.55 283.93
390883.48 286509.55 254.43
390973.48 290829.55 5.28
390973.48 290739.55 5.63
390973.48 290649.55 5.60
390973.48 290559.55 5.85
390973.48 290469.55 1.74
390973.48 290379.55 4.93
390973.48 290289.55 3.66
390973.48 290199.55 4.37
390973.48 290109.55 6.17
390973.48 290019.55 14.09
390973.48 289929.55 18.30
390973.48 289839.55 24.17
390973.48 289749.55 31.30
390973.48 289659.55 41.29
390973.48 289569.55 54.72
390973.48 289479.55 72.70
390973.48 289389.55 95.18
390973.48 289299.55 150.02
390973.48 289209.55 194.06
390973.48 289119.55 214.92
390973.48 289029.55 235.46
390973.48 288939.55 187.16
390973.48 288849.55 141.28
390973.48 288759.55 124.97
390973.48 288669.55 109.06
390973.48 288579.55 73.36
390973.48 288489.55 65.56
390973.48 288399.55 60.96
390973.48 288309.55 64.75
390973.48 288219.55 71.67
390973.48 288129.55 74.40
390973.48 288039.55 74.62
390973.48 287949.55 83.33
390973.48 287859.55 119.26
390973.48 287769.55 152.19
390973.48 287679.55 176.81
390973.48 287589.55 203.58
390973.48 287499.55 252.31
390973.48 287409.55 307.20
390973.48 287319.55 347.82
390973.48 287229.55 342.92
390973.48 287139.55 335.71
390973.48 287049.55 334.93
390973.48 286959.55 331.91
390973.48 286869.55 322.24
390973.48 286779.55 331.08
390973.48 286689.55 329.95
390973.48 286599.55 319.49
390973.48 286509.55 289.70
391063.48 290829.55 5.08
391063.48 290739.55 4.87
391063.48 290649.55 4.65
391063.48 290559.55 5.93
391063.48 290469.55 4.38
391063.48 290379.55 3.11
391063.48 290289.55 4.45
391063.48 290199.55 6.11
391063.48 290109.55 7.11
391063.48 290019.55 13.04
391063.48 289929.55 15.39
391063.48 289839.55 22.71
391063.48 289749.55 27.64
391063.48 289659.55 37.03
391063.48 289569.55 54.00
391063.48 289479.55 70.37
391063.48 289389.55 89.33
391063.48 289299.55 138.34
391063.48 289209.55 155.58
391063.48 289119.55 187.97
391063.48 289029.55 210.79
391063.48 288939.55 183.77
391063.48 288849.55 137.93
391063.48 288759.55 109.90
391063.48 288669.55 102.73
391063.48 288579.55 73.72
391063.48 288489.55 63.91
391063.48 288399.55 58.02
391063.48 288309.55 57.41
391063.48 288219.55 63.90
391063.48 288129.55 61.38
391063.48 288039.55 69.54
391063.48 287949.55 79.98
391063.48 287859.55 115.45
391063.48 287769.55 135.18
391063.48 287679.55 160.27
391063.48 287589.55 199.13
391063.48 287499.55 240.21
391063.48 287409.55 286.91
391063.48 287319.55 326.98
391063.48 287229.55 301.06
391063.48 287139.55 303.33
391063.48 287049.55 303.55
391063.48 286959.55 290.32
391063.48 286869.55 297.38
391063.48 286779.55 310.48
391063.48 286689.55 296.33
391063.48 286599.55 301.56
391153.48 290739.55 6.99
391153.48 290649.55 4.37
391153.48 290559.55 4.91
391153.48 290469.55 4.99
391153.48 290379.55 4.17
391153.48 290289.55 4.00
391153.48 290199.55 5.03
391153.48 290109.55 6.36
391153.48 290019.55 9.39
391153.48 289929.55 12.85
391153.48 289839.55 16.57
391153.48 289749.55 21.52
391153.48 289659.55 33.03
391153.48 289569.55 52.71
391153.48 289479.55 78.24
391153.48 289389.55 100.15
391153.48 289299.55 114.85
391153.48 289209.55 130.31
391153.48 289119.55 171.37
391153.48 289029.55 171.48
391153.48 288939.55 144.83
391153.48 288849.55 117.16
391153.48 288759.55 94.94
391153.48 288669.55 82.31
391153.48 288579.55 63.47
391153.48 288489.55 60.12
391153.48 288399.55 54.31
391153.48 288309.55 52.67
391153.48 288219.55 54.56
391153.48 288129.55 59.51
391153.48 288039.55 70.90
391153.48 287949.55 81.28
391153.48 287859.55 114.27
391153.48 287769.55 132.19
391153.48 287679.55 167.26
391153.48 287589.55 213.24
391153.48 287499.55 243.75
391153.48 287409.55 280.88
391153.48 287319.55 290.02
391153.48 287229.55 260.15
391153.48 287139.55 282.25
391153.48 287049.55 259.95
391153.48 286959.55 245.53
391153.48 286869.55 264.56
391153.48 286779.55 272.04
391153.48 286689.55 256.38
391153.48 286599.55 269.21
391243.48 290739.55 6.03
391243.48 290649.55 4.01
391243.48 290559.55 4.78
391243.48 290469.55 4.53
391243.48 290379.55 1.74
391243.48 290289.55 3.94
391243.48 290199.55 3.91
391243.48 290109.55 4.36
391243.48 290019.55 6.54
391243.48 289929.55 8.30
391243.48 289839.55 11.01
391243.48 289749.55 13.93
391243.48 289659.55 32.67
391243.48 289569.55 46.71
391243.48 289479.55 79.21
391243.48 289389.55 89.47
391243.48 289299.55 99.93
391243.48 289209.55 131.97
391243.48 289119.55 170.01
391243.48 289029.55 145.15
391243.48 288939.55 114.61
391243.48 288849.55 89.02
391243.48 288759.55 78.78
391243.48 288669.55 66.35
391243.48 288579.55 52.88
391243.48 288489.55 52.16
391243.48 288399.55 50.59
391243.48 288309.55 49.15
391243.48 288219.55 51.24
391243.48 288129.55 54.33
391243.48 288039.55 63.54
391243.48 287949.55 81.99
391243.48 287859.55 99.23
391243.48 287769.55 126.40
391243.48 287679.55 157.06
391243.48 287589.55 199.48
391243.48 287499.55 223.72
391243.48 287409.55 245.66
391243.48 287319.55 249.25
391243.48 287229.55 229.01
391243.48 287139.55 271.32
391243.48 287049.55 230.82
391243.48 286959.55 208.57
391243.48 286869.55 227.93
391243.48 286779.55 219.82
391243.48 286689.55 238.29
391333.48 290649.55 4.10
391333.48 290559.55 4.17
391333.48 290469.55 3.80
391333.48 290379.55 2.28
391333.48 290289.55 4.04
391333.48 290199.55 4.53
391333.48 290109.55 3.52
391333.48 290019.55 4.52
391333.48 289929.55 5.44
391333.48 289839.55 7.40
391333.48 289749.55 12.71
391333.48 289659.55 28.90
391333.48 289569.55 38.13
391333.48 289479.55 61.36
391333.48 289389.55 80.61
391333.48 289299.55 84.86
391333.48 289209.55 119.63
391333.48 289119.55 137.93
391333.48 289029.55 121.11
391333.48 288939.55 94.40
391333.48 288849.55 75.92
391333.48 288759.55 61.28
391333.48 288669.55 55.26
391333.48 288579.55 45.82
391333.48 288489.55 44.94
391333.48 288399.55 46.89
391333.48 288309.55 45.23
391333.48 288219.55 46.66
391333.48 288129.55 48.12
391333.48 288039.55 52.59
391333.48 287949.55 70.88
391333.48 287859.55 85.37
391333.48 287769.55 118.44
391333.48 287679.55 164.42
391333.48 287589.55 200.09
391333.48 287499.55 195.37
391333.48 287409.55 217.20
391333.48 287319.55 207.27
391333.48 287229.55 203.27
391333.48 287139.55 236.74
391333.48 287049.55 198.72
391333.48 286959.55 183.61
391333.48 286869.55 201.63
391333.48 286779.55 179.71
391423.48 290649.55 4.36
391423.48 290559.55 3.87
391423.48 290469.55 3.89
391423.48 290379.55 3.51
391423.48 290289.55 2.44
391423.48 290199.55 4.74
391423.48 290109.55 4.29
391423.48 290019.55 3.60
391423.48 289929.55 4.28
391423.48 289839.55 5.50
391423.48 289749.55 8.75
391423.48 289659.55 19.18
391423.48 289569.55 31.47
391423.48 289479.55 44.65
391423.48 289389.55 62.04
391423.48 289299.55 74.59
391423.48 289209.55 91.64
391423.48 289119.55 101.67
391423.48 289029.55 95.09
391423.48 288939.55 77.69
391423.48 288849.55 72.45
391423.48 288759.55 53.73
391423.48 288669.55 46.26
391423.48 288579.55 38.99
391423.48 288489.55 42.38
391423.48 288399.55 43.94
391423.48 288309.55 42.16
391423.48 288219.55 42.96
391423.48 288129.55 44.05
391423.48 288039.55 46.87
391423.48 287949.55 62.24
391423.48 287859.55 72.10
391423.48 287769.55 108.43
391423.48 287679.55 146.44
391423.48 287589.55 165.45
391423.48 287499.55 165.79
391423.48 287409.55 168.33
391423.48 287319.55 168.49
391423.48 287229.55 172.72
391423.48 287139.55 194.40
391423.48 287049.55 161.82
391513.48 290559.55 3.81
391513.48 290469.55 3.80
391513.48 290379.55 3.81
391513.48 290289.55 1.39
391513.48 290199.55 4.88
391513.48 290109.55 4.54
391513.48 290019.55 3.31
391513.48 289929.55 3.43
391513.48 289839.55 4.68
391513.48 289749.55 7.02
391513.48 289659.55 22.58
391513.48 289569.55 28.99
391513.48 289479.55 34.01
391513.48 289389.55 40.68
391513.48 289299.55 54.23
391513.48 289209.55 65.94
391513.48 289119.55 81.20
391513.48 289029.55 72.27
391513.48 288939.55 61.49
391513.48 288849.55 54.07
391513.48 288759.55 48.65
391513.48 288669.55 38.96
391513.48 288579.55 32.06
391513.48 288489.55 34.01
391513.48 288399.55 37.88
391513.48 288309.55 36.68
391603.48 290559.55 4.58
391603.48 290469.55 4.16
391603.48 290379.55 3.98
391603.48 290289.55 1.03
391603.48 290199.55 4.96
391603.48 290109.55 4.42
391603.48 290019.55 3.24
391603.48 289929.55 3.23
391603.48 289839.55 4.45
391603.48 289749.55 10.45
391603.48 289659.55 25.46
391603.48 289569.55 28.94
391603.48 289479.55 32.25
391603.48 289389.55 34.19
391603.48 289299.55 42.70
391603.48 289209.55 57.79
391603.48 289119.55 55.17
391603.48 289029.55 45.70
391603.48 288939.55 40.58
391603.48 288849.55 38.97
391603.48 288759.55 38.31
391603.48 288669.55 36.31
391603.48 288579.55 26.19
391603.48 288489.55 27.68
391603.48 288399.55 33.92
391693.48 290469.55 4.10
391693.48 290379.55 3.65
391693.48 290289.55 1.12
391693.48 290199.55 4.64
391693.48 290109.55 4.53
391693.48 290019.55 3.03
391693.48 289929.55 3.02
391693.48 289839.55 4.16
391693.48 289749.55 8.08
391693.48 289659.55 20.95
391693.48 289569.55 25.14
391693.48 289479.55 25.68
391693.48 289389.55 27.42
391693.48 289299.55 32.37
391693.48 289209.55 43.10
391693.48 289119.55 46.64
391693.48 289029.55 30.98
391693.48 288939.55 23.77
391693.48 288849.55 22.70
391693.48 288759.55 22.39
391693.48 288669.55 24.93
391693.48 288579.55 20.44
391693.48 288489.55 23.30
391693.48 288399.55 24.60
391783.48 290469.55 4.66
391783.48 290379.55 3.45
391783.48 290289.55 1.43
391783.48 290199.55 4.74
391783.48 290109.55 4.33
391783.48 290019.55 2.82
391783.48 289929.55 3.12
391783.48 289839.55 4.08
391783.48 289749.55 5.79
391783.48 289659.55 14.53
391783.48 289569.55 21.75
391783.48 289479.55 24.08
391783.48 289389.55 22.90
391783.48 289299.55 30.05
391783.48 289209.55 45.22
391783.48 289119.55 42.83
391783.48 289029.55 27.91
391783.48 288939.55 19.96
391783.48 288849.55 17.87
391783.48 288759.55 17.00
391783.48 288669.55 19.61
391783.48 288579.55 17.35
391783.48 288489.55 21.00
391783.48 288399.55 22.31
391783.48 288309.55 22.36
391873.48 290379.55 3.91
391873.48 290289.55 3.46
391873.48 290199.55 4.57
391873.48 290109.55 3.80
391873.48 290019.55 3.02
391873.48 289929.55 3.51
391873.48 289839.55 4.25
391873.48 289749.55 5.87
391873.48 289659.55 10.19
391873.48 289569.55 14.98
391873.48 289479.55 16.74
391873.48 289389.55 18.10
391873.48 289299.55 24.54
391873.48 289209.55 30.36
391873.48 289119.55 30.96
391873.48 289029.55 26.34
391873.48 288939.55 21.54
391873.48 288849.55 17.86
391873.48 288759.55 15.41
391873.48 288669.55 15.41
391873.48 288579.55 14.96
391873.48 288489.55 19.52
391873.48 288399.55 22.17
391873.48 288309.55 22.18
391963.48 290379.55 4.94
391963.48 290289.55 2.88
391963.48 290199.55 3.80
391963.48 290109.55 4.34
391963.48 290019.55 4.08
391963.48 289929.55 3.78
391963.48 289839.55 4.21
391963.48 289749.55 5.35
391963.48 289659.55 7.75
391963.48 289569.55 9.74
391963.48 289479.55 12.13
391963.48 289389.55 14.51
391963.48 289299.55 22.29
391963.48 289209.55 31.04
391963.48 289119.55 35.10
391963.48 289029.55 43.42
391963.48 288939.55 37.40
391963.48 288849.55 23.39
391963.48 288759.55 15.91
391963.48 288669.55 12.89
391963.48 288579.55 13.72
391963.48 288489.55 16.78
391963.48 288399.55 18.72
391963.48 288309.55 19.60
392053.48 290289.55 3.96
392053.48 290199.55 1.46
392053.48 290109.55 4.36
392053.48 290019.55 4.83
392053.48 289929.55 5.85
392053.48 289839.55 10.01
392053.48 289749.55 7.88
392053.48 289659.55 8.23
392053.48 289569.55 9.31
392053.48 289479.55 11.32
392053.48 289389.55 13.68
392053.48 289299.55 23.40
392053.48 289209.55 33.35
392053.48 289119.55 45.71
392053.48 289029.55 53.76
392053.48 288939.55 45.75
392053.48 288849.55 42.52
392053.48 288759.55 22.68
392053.48 288669.55 13.39
392053.48 288579.55 11.80
392053.48 288489.55 14.81
392053.48 288399.55 16.04
392053.48 288309.55 15.97
392143.48 290289.55 4.17
392143.48 290199.55 0.73
392143.48 290109.55 4.81
392143.48 290019.55 8.07
392143.48 289929.55 20.25
392143.48 289839.55 19.58
392143.48 289749.55 18.90
392143.48 289659.55 14.56
392143.48 289569.55 11.61
392143.48 289479.55 12.36
392143.48 289389.55 14.09
392143.48 289299.55 24.59
392143.48 289209.55 37.93
392143.48 289119.55 54.92
392143.48 289029.55 56.48
392143.48 288939.55 48.97
392143.48 288849.55 45.66
392143.48 288759.55 29.63
392143.48 288669.55 17.78
392143.48 288579.55 10.92
392143.48 288489.55 13.34
392143.48 288399.55 14.02
392143.48 288309.55 14.25
392143.48 288219.55 16.05
392233.48 290199.55 0.62
392233.48 290109.55 4.76
392233.48 290019.55 13.68
392233.48 289929.55 31.90
392233.48 289839.55 32.42
392233.48 289749.55 27.31
392233.48 289659.55 25.62
392233.48 289569.55 19.98
392233.48 289479.55 17.01
392233.48 289389.55 19.18
392233.48 289299.55 33.44
392233.48 289209.55 45.27
392233.48 289119.55 54.15
392233.48 289029.55 52.74
392233.48 288939.55 48.69
392233.48 288849.55 38.26
392233.48 288759.55 29.45
392233.48 288669.55 21.76
392233.48 288579.55 9.43
392233.48 288489.55 11.56
392233.48 288399.55 17.33
392233.48 288309.55 12.53
392233.48 288219.55 12.77
392323.48 290199.55 0.68
392323.48 290109.55 4.87
392323.48 290019.55 7.01
392323.48 289929.55 21.20
392323.48 289839.55 40.52
392323.48 289749.55 34.85
392323.48 289659.55 42.92
392323.48 289569.55 28.29
392323.48 289479.55 25.47
392323.48 289389.55 26.88
392323.48 289299.55 45.31
392323.48 289209.55 54.05
392323.48 289119.55 57.50
392323.48 289029.55 50.40
392323.48 288939.55 36.16
392323.48 288849.55 27.03
392323.48 288759.55 26.19
392323.48 288669.55 13.96
392323.48 288579.55 11.98
392323.48 288489.55 9.59
392323.48 288399.55 11.68
392323.48 288309.55 11.78
392323.48 288219.55 12.02
392413.48 290109.55 1.22
392413.48 290019.55 4.06
392413.48 289929.55 6.45
392413.48 289839.55 9.97
392413.48 289749.55 9.50
392413.48 289659.55 14.84
392413.48 289569.55 11.72
392413.48 289479.55 8.02
392413.48 289389.55 27.50
392413.48 289299.55 33.52
392413.48 289209.55 37.80
392413.48 289119.55 36.68
392413.48 289029.55 34.47
392413.48 288939.55 27.49
392413.48 288849.55 45.17
392413.48 288759.55 26.85
392413.48 288669.55 11.33
392413.48 288579.55 7.09
392413.48 288489.55 7.17
392413.48 288399.55 11.94
392413.48 288309.55 19.28
392413.48 288219.55 18.02
392503.48 290109.55 3.22
392503.48 290019.55 3.65
392503.48 289929.55 3.87
392503.48 289839.55 3.57
392503.48 289749.55 4.12
392503.48 289659.55 4.67
392503.48 289569.55 5.23
392503.48 289479.55 3.25
392503.48 289389.55 8.54
392503.48 289299.55 19.87
392503.48 289209.55 19.49
392503.48 289119.55 17.88
392503.48 289029.55 17.56
392503.48 288939.55 20.71
392503.48 288849.55 27.65
392503.48 288759.55 28.03
392503.48 288669.55 12.67
392503.48 288579.55 5.28
392503.48 288489.55 5.32
392503.48 288399.55 8.05
392503.48 288309.55 13.20
392503.48 288219.55 19.94
392593.48 290019.55 4.34
392593.48 289929.55 5.03
392593.48 289839.55 3.90
392593.48 289749.55 3.79
392593.48 289659.55 3.85
392593.48 289569.55 4.05
392593.48 289479.55 4.12
392593.48 289389.55 5.69
392593.48 289299.55 9.57
392593.48 289209.55 6.88
392593.48 289119.55 6.07
392593.48 289029.55 7.60
392593.48 288939.55 10.67
392593.48 288849.55 11.26
392593.48 288759.55 12.39
392593.48 288669.55 9.82
392593.48 288579.55 5.26
392593.48 288489.55 4.61
392593.48 288399.55 5.96
392593.48 288309.55 7.50
392593.48 288219.55 10.00
392683.48 290019.55 1.03
392683.48 289929.55 1.06
392683.48 289839.55 0.83
392683.48 289749.55 2.70
392683.48 289659.55 4.88
392683.48 289569.55 4.93
392683.48 289479.55 4.85
392683.48 289389.55 5.94
392683.48 289299.55 5.87
392683.48 289209.55 4.94
392683.48 289119.55 2.93
392683.48 289029.55 3.08
392683.48 288939.55 4.16
392683.48 288849.55 4.42
392683.48 288759.55 6.73
392683.48 288669.55 8.44
392683.48 288579.55 4.59
392683.48 288489.55 4.58
392683.48 288399.55 4.72
392683.48 288309.55 4.45
392773.48 289929.55 3.17
392773.48 289839.55 0.44
392773.48 289749.55 0.70
392773.48 289659.55 1.08
392773.48 289569.55 1.29
392773.48 289479.55 3.78
392773.48 289389.55 5.04
392773.48 289299.55 5.85
392773.48 289209.55 5.66
392773.48 289119.55 4.12
392773.48 289029.55 2.37
392773.48 288939.55 2.84
392773.48 288849.55 2.49
392773.48 288759.55 3.52
392773.48 288669.55 3.82
392773.48 288579.55 3.71
392773.48 288489.55 3.82
392863.48 289929.55 5.70
392863.48 289839.55 4.62
392863.48 289749.55 5.20
392863.48 289659.55 1.39
392863.48 289569.55 0.44
392863.48 289479.55 0.83
392863.48 289389.55 1.19
392863.48 289299.55 4.50
392863.48 289209.55 5.11
392863.48 289119.55 5.39
392863.48 289029.55 5.09
392863.48 288939.55 3.62
392863.48 288849.55 2.90
392863.48 288759.55 2.74
392863.48 288669.55 2.59
392953.48 289839.55 4.78
392953.48 289749.55 4.07
392953.48 289659.55 3.62
392953.48 289569.55 5.09
392953.48 289479.55 4.35
392953.48 289389.55 0.63
392953.48 289299.55 0.93
392953.48 289209.55 0.84
392953.48 289119.55 1.03
392953.48 289029.55 0.99
392953.48 288939.55 0.65
393043.48 289749.55 3.74
393043.48 289659.55 4.16
393043.48 289569.55 5.53
393043.48 289479.55 5.97
393043.48 289389.55 6.98
393043.48 289299.55 4.06
393043.48 289209.55 1.17
393043.48 289119.55 0.21
393133.48 289659.55 7.70
393133.48 289569.55 7.53
393133.48 289479.55 5.79
393133.48 289389.55 6.26
